0 3.04159265358979 0.1
0.0518597457821778 3.04608838432295 0.0735978631935425
0.102548843471242 3.04919345946862 0.0490703886620786
0.15367928757889 3.05109145117708 0.0252742616255024
0.205719878361104 3.05179192225086 0.00169942468491679
0.258727818597646 3.05125443674066 -0.0219785800679523
0.312584582197988 3.0494245753047 -0.0460311421146122
0.367079834608992 3.04624671050223 -0.0707152632159879
0.421947945902263 3.04167026133287 -0.0962813184874746
0.476891863296745 3.03565369290106 -0.122970306721716
0.53160502876508 3.02816697741473 -0.151008181034706
0.585792761574854 3.01919237624687 -0.180600653592162
0.639191080985827 3.00872347733896 -0.211930116722697
0.691580446825784 2.99676277508561 -0.245155214329825
0.74279298608156 2.98331837530597 -0.280412777433821
0.792713364179205 2.96840048999932 -0.317821356611539
0.841274715191951 2.95201825824032 -0.357485474161557
0.888451585866089 2.93417719190692 -0.399499886643519
0.934251734954162 2.91487731075973 -0.44395343506605
0.978708148163966 2.89411186801689 -0.490932331192623
1.02187206777726 2.87186648810202 -0.540522917902687
1.06380737134215 2.84811852232611 -0.592814042890176
1.10458632618681 2.82283644623772 -0.64789922269139
1.14428658336446 2.79597914963946 -0.705878778740625
1.18298921544659 2.76749499132516 -0.766862123457212
1.22077760633578 2.73732049723901 -0.830970378663195
1.25773703784039 2.70537856843056 -0.898339531858322
1.29395486949778 2.67157602935889 -0.969124387831306
1.32952126786269 2.63580027995483 -1.04350366719937
1.36490520931601 2.59749426695915 -1.12255108062541
1.40061522176257 2.55590477928036 -1.2076898866348
1.43692488608122 2.51039612161821 -1.3000321132878
1.47404616139813 2.46028953916749 -1.40069422168238
1.51220767223555 2.40475558936635 -1.51098272514129
1.55170765027141 2.34269644869881 -1.63257131375237
1.59297770440318 2.27256022636 -1.76776294073596
1.63669908910677 2.1919780269832 -1.91999449564924
1.68407584422643 2.09691052072766 -2.09502674570034
1.73742434928717 1.97963375611983 -2.30358058172886
1.79393150433601 1.84296256266682 -2.53541552897329
1.85401830144477 1.68299950111338 -2.78993945747487
1.90683200714508 1.52969626628948 -3.01524739512247
1.9527859626914 1.3866903018797 -3.20763432308591
1.99497254606747 1.24776692492895 -3.37695742773385
2.03405042380776 1.11289517577062 -3.52381892852288
2.06851740862825 0.989361603485656 -3.64245159783197
2.09956726026368 0.874744906956547 -3.73839156185531
2.12988034885985 0.760150137942215 -3.82025381824067
2.15880452467187 0.648670609927525 -3.88600496327744
2.18637904142229 0.540793834887968 -3.936257568678
2.21283896283267 0.436138274696684 -3.97215701889806
2.23843674154643 0.334144891033514 -3.99472575309444
2.26339412128861 0.234297038980979 -4.00474130213274
2.28789767797318 0.136166832938747 -4.00276201190099
2.31210594502311 0.0394080730816741 -3.98917534832286
2.33615795704242 -0.0562623517503981 -3.96423693525317
2.36018067517901 -0.151082092283162 -3.92809616676373
2.38429512545556 -0.245257456426035 -3.8808105219645
2.40862169740547 -0.338974407832341 -3.82235096773496
2.43328516100638 -0.432407477530527 -3.7525997409955
2.4584199862092 -0.525727642041162 -3.67134051222249
2.48417664068488 -0.619110189636018 -3.57823950539411
2.51072978555443 -0.712743723015652 -3.47281424139856
2.53828981390517 -0.806841892191247 -3.35438346170992
2.56712026209985 -0.901660515476301 -3.22198596262711
2.59756595152468 -0.997525175551484 -3.07424394712522
2.63010212484382 -1.09488024217158 -2.90911852991036
2.6638046229869 -1.18995544419219 -2.73208615770273
2.69849678825677 -1.28150914984061 -2.54540919963313
2.73443113668787 -1.36945644786391 -2.3491601292188
2.77213653790739 -1.4541261041655 -2.1418800819142
2.8124976325708 -1.53609765866611 -1.92020452852456
2.85718549163324 -1.61645712363262 -1.67674019284158
2.91061876131075 -1.69837098763245 -1.39020119929154
2.9668735247689 -1.76824889333386 -1.09528337384698
3.0102392899036 -1.81091215887551 -0.873011133109021
3.05023415227197 -1.84179430804653 -0.671852292254376
3.08936739629446 -1.86429029869981 -0.478342283854623
3.12705869248482 -1.87885219279302 -0.29473929170872
3.16364601927867 -1.88641110864942 -0.118765982192105
3.19960223114771 -1.88760051205939 0.0523704711756988
3.23535690207951 -1.88270784963073 0.221131990625434
3.27129488502991 -1.87172994919403 0.389679068274194
3.30779886257998 -1.85439323319562 0.560095327469829
3.34531089609095 -1.83010755566382 0.734684088298269
3.38443062341201 -1.79781193768011 0.91641832485487
3.42612111313953 -1.75557343591507 1.10986433102882
3.47351962459636 -1.69776201719074 1.32946616689777
3.53486417488838 -1.6075170341232 1.61246015444499
3.59828275093466 -1.49606473874708 1.90147650337965
3.65214482060165 -1.38715843549415 2.14122036177633
3.69955849291011 -1.28077028543648 2.34500896132403
3.7456326300192 -1.1683395687942 2.53354092377835
3.78735443375854 -1.05925863070748 2.69342862955128
3.8253107152 -0.954441676876608 2.82758592352713
3.86029257553541 -0.853529940459527 2.93977625127591
3.8945915155787 -0.75098657121724 3.03740929508217
3.92748991361603 -0.649696618983072 3.11807819387542
3.95896868905511 -0.550499567572032 3.1821456353355
3.98923354543141 -0.453424503516278 3.23067104147481
4.01853060726741 -0.358244979960887 3.26469329914485
4.04708833998389 -0.264691411393087 3.28505158865951
4.07510610752302 -0.17251943411091 3.2923786325967
4.10275744450909 -0.0815246780502651 3.2871343705809
4.1301967245314 0.00845970713206468 3.26963983165489
4.15756575903045 0.0975695103830205 3.24010195441154
4.18499960151538 0.185915619284571 3.19862900517321
4.2126316966942 0.273588812357856 3.14523797672005
4.24059875203308 0.360663129212104 3.07985503138466
4.26904577830807 0.447197994394584 3.00230923530956
4.29813181423181 0.533239241002457 2.91231885254766
4.32803699564433 0.618819065751723 2.80946823995979
4.35897192385696 0.703954788154062 2.69317158558732
4.39119085460975 0.788646061876871 2.56261672555335
4.4250113324896 0.872869826416699 2.41667672935058
4.45956845724089 0.953690630386984 2.2596976644092
4.49434368103283 1.02942846064788 2.09523809549177
4.52927967691447 1.09966439725112 1.92489813887901
4.56447659849108 1.16433544413113 1.74940676331417
4.60007535618175 1.22340937342375 1.56912822752209
4.63621388996606 1.27677908788528 1.38429440911128
4.67300538627145 1.32423100878844 1.19514100624584
4.71051443855766 1.36543754699006 1.00204933782165
4.74871311696769 1.39996343799647 0.805780329739261
4.78953703311012 1.42859199515926 0.596983260351584
4.83420311653211 1.4501836614303 0.370160325055204
4.8836535567197 1.46232731112723 0.121465439808873
4.9382406494081 1.46153905558802 -0.149692970224363
4.99660481369695 1.44444454750568 -0.435260461357015
5.05129921087426 1.41342282579437 -0.698264311061944
5.10058340280109 1.37325941739064 -0.930799149629106
5.14852999730888 1.32330197897615 -1.15215388093121
5.19462274687541 1.26539534510814 -1.35940866552421
5.23937183598904 1.20017729742484 -1.55420461537558
5.28303833630724 1.12829338411667 -1.73678175441202
5.32586671716154 1.05022800833164 -1.90706632284396
5.36813186015821 0.966251022929185 -2.06483895880055
5.41014760931958 0.876405723758282 -2.20969056186444
5.4511044662078 0.7832370319594 -2.33749244022447
5.49021347081443 0.689660713747075 -2.44543764122957
5.52746448454388 0.596870853714952 -2.53395528520315
5.5631092874307 0.505250042287561 -2.60436205430199
5.5974512309364 0.414848840917671 -2.65799369713092
5.63077466303839 0.325603193084196 -2.69596168012846
5.66332892603315 0.237423069143586 -2.71912792005656
5.69533082175998 0.150224945384037 -2.7281390076959
5.72697193251505 0.0639419291709447 -2.72346673236922
5.75842627816791 -0.0214740759021395 -2.70544042523184
5.78985716382693 -0.106052423276801 -2.67426908734381
5.82142321798583 -0.189803821048763 -2.63005442170383
5.85328396669158 -0.272719655657552 -2.57279607797413
5.88560538709498 -0.354770158719779 -2.5023897813999
5.91856594326279 -0.43590108274874 -2.41861815499523
5.95236371759269 -0.516028406430042 -2.32113300746605
5.98722547656455 -0.59503028530274 -2.20942645752915
6.02341894276873 -0.672734934190934 -2.08278608126718
6.06028350190512 -0.746985682786686 -1.94406084887933
6.09685772340324 -0.815441719582125 -1.79814532453229
6.13289649007113 -0.877549565650295 -1.64762631692111
6.16839042652163 -0.933317684965927 -1.49403758153596
6.20337255614169 -0.982871925452675 -1.33852350756071
6.23784664916357 -1.02632794701213 -1.18215740320563
6.2717596365518 -1.06377687058599 -1.02610063095793
6.30498794376164 -1.09530987239409 -0.871695751734703
6.33845717138851 -1.12186797561557 -0.7152414308001
6.37272592860751 -1.14362603146951 -0.554605980738302
6.40800031134833 -1.16027223391763 -0.389285433195598
6.4443237543449 -1.17132699713651 -0.219560882133849
6.48163239993753 -1.17628086153201 -0.04624850481977
6.51976938919409 -1.17468934392679 0.129373042057224
6.55849564921716 -1.16625797130992 0.305629168580104
6.59751400117015 -1.15090930239558 0.48058451121981
6.63650933292232 -1.12880950076584 0.652251772178901
6.6751953414457 -1.10034068144002 0.818820610641187
6.71335289442398 -1.06602825183249 0.978831304270677
6.75084962645155 -1.02645088072562 1.13124605050823
6.78879216220752 -0.980689437625665 1.27984126654861
6.82763646722637 -0.928126824261062 1.42521312213727
6.86748402771698 -0.868496294366124 1.56619764690638
6.90836904193236 -0.801667944013146 1.70107373339793
6.95037152261327 -0.727508893491467 1.82794351430272
6.99365728674142 -0.645801629671487 1.94475029204757
7.03624500714921 -0.560800764249434 2.04433416822818
7.07754395217092 -0.474649141494285 2.12500433245709
7.11754546433107 -0.388349108215289 2.18708546243349
7.15644444622253 -0.30235839296083 2.23143093242765
7.19448784630479 -0.216893946560301 2.25889330275577
7.23192210084158 -0.132073707778088 2.27017296792027
7.26897955970297 -0.0479803128705496 2.26579573237627
7.30587905984238 0.0353099069267158 2.24612576961553
7.3428311740763 0.117712381994086 2.21138233104068
7.38004489274436 0.199125127292826 2.16165072086433
7.41773493377807 0.279420780836936 2.09688504214632
7.45612985755569 0.35843768494684 2.01690174330388
7.49548166607643 0.435968425296731 1.92136249267329
7.53607803483149 0.511744079484488 1.80974332870188
7.57752536570484 0.584177374256935 1.68361812282206
7.61822520124461 0.649998758013765 1.5493480075166
7.65774672960912 0.708511761309642 1.41052513814617
7.6960549787765 0.759859311833076 1.26930737900544
7.73319338046285 0.804374559725962 1.1272578689165
7.76917422014185 0.842397731536272 0.985756385372274
7.80407181459448 0.874360214584052 0.845674761099998
7.83899064902221 0.901410937856274 0.703430739057603
7.87435363721104 0.923716287129047 0.557936904675614
7.91032881817313 0.94111149015405 0.409090701019689
7.94697321150117 0.953319176629504 0.257251843934976
7.98428266425246 0.960037497537251 0.10305937974076
8.02220995283921 0.960988363339298 -0.0526359508195687
8.06067407379158 0.955952563633278 -0.208810367535601
8.09956961242493 0.944796562359222 -0.364310596530601
8.13877911369821 0.927488203340753 -0.517911780112607
8.17818817133599 0.904097560455236 -0.668385017472005
8.21770117806283 0.874781804413623 -0.81456198902156
8.25725527307963 0.839756844625798 -0.955382951992798
8.29683086989535 0.799261260916937 -1.08991900447798
8.33732096476181 0.752467306883608 -1.22005191401768
8.37944603238131 0.698377043315146 -1.34631915559296
8.42351892260863 0.636330168606303 -1.46724428095423
8.46979859094038 0.565746934513282 -1.58050483253909
8.51866327437432 0.485930323346743 -1.68323397919922
8.56779640163098 0.401075235533716 -1.76747248431661
8.61614984822535 0.314008169963163 -1.83033856522091
8.66357277425917 0.226146699071933 -1.87164405458956
8.71025428613619 0.138221920175706 -1.8919460853845
8.75649471067625 0.0506623917182487 -1.89184239930757
8.80262488297257 -0.0362210188952517 -1.87175921863896
8.84898533531515 -0.122146717680635 -1.83190264891054
8.89592888352653 -0.206815158855621 -1.77225088258798
8.94383326471409 -0.289875881219911 -1.6925447781567
8.99312035025412 -0.370895125375014 -1.59226088153367
9.04428325369555 -0.449314978727051 -1.47055616696059
9.09454141196261 -0.519889918069394 -1.33573832111156
9.14281731753548 -0.580995839712761 -1.19410201762553
9.18899730865068 -0.632826245017979 -1.04936025388226
9.2331754588913 -0.675994595116566 -0.904028262634099
9.27647468226123 -0.711957904276053 -0.756484073940696
9.31993097677274 -0.741541863116011 -0.604631485940975
9.36401340261031 -0.764748255844971 -0.44799201740163
9.40896793371974 -0.781265562620044 -0.286810180623226
9.45494079655328 -0.790652674953374 -0.121731388954314
9.5020258128544 -0.792419141613761 0.0463082699714101
9.55028727384248 -0.786071153882517 0.216121445234723
9.59977879621522 -0.771141311506985 0.386296076256996
9.65056724255907 -0.747200945848015 0.55522993154977
9.70276646838119 -0.713846111020559 0.721172400591959
9.7565851102677 -0.670645099707252 0.882257183497761
9.81239690647385 -0.617030483151468 1.03649730401395
9.87138295790059 -0.551478019816738 1.18292356581934
9.93654147561666 -0.469728801128553 1.32185354733423
10 -0.38222851545904 1.43119262437671
