-1 0.35322690848236
-0.894736842105263 0.309802259625527
-0.789473684210526 0.124837110617201
-0.684210526315789 -0.179854467282462
-0.578947368421053 -0.521775260580296
-0.473684210526316 -0.778546959604401
-0.368421052631579 -0.834212341288874
-0.263157894736842 -0.632604991636986
-0.157894736842105 -0.211597087256371
-0.0526315789473685 0.301971142652196
0.0526315789473684 0.738545534638979
0.157894736842105 0.953842159707218
0.263157894736842 0.886951458303233
0.368421052631579 0.581374974294357
0.473684210526316 0.160599186123614
0.578947368421053 -0.227654398899546
0.684210526315789 -0.4705301385085
0.789473684210526 -0.526107340970266
0.894736842105263 -0.42454349264334
1 -0.240462049968584


-1 0.348958479618425
-0.984375 0.356724918970966
-0.96875 0.360240125959082
-0.953125 0.359510919345694
-0.9375 0.35457482331968
-0.921875 0.345498245487105
-0.90625 0.332374491136604
-0.890625 0.315321682403277
-0.875 0.294480649013031
-0.859375 0.270012853287582
-0.84375 0.242098406173734
-0.828125 0.210934223428686
-0.8125 0.176732361995972
-0.796875 0.139718566335836
-0.78125 0.100131043355609
-0.765625 0.0582194729704466
-0.75 0.0142442495782917
-0.734375 -0.0315240617746338
-0.71875 -0.0788050816651271
-0.703125 -0.127308822078873
-0.6875 -0.176735787461646
-0.671875 -0.226777023892208
-0.65625 -0.277114174523924
-0.640625 -0.327419602719988
-0.625 -0.377356645430241
-0.609375 -0.426580058244029
-0.59375 -0.474736710185886
-0.578125 -0.521466580746222
-0.5625 -0.566404103971174
-0.546875 -0.609179894851009
-0.53125 -0.649422881982657
-0.515625 -0.686762857831854
-0.5 -0.720833444225581
-0.484375 -0.751275456347819
-0.46875 -0.777740633903607
-0.453125 -0.799895693690084
-0.4375 -0.817426644008554
-0.421875 -0.830043288603782
-0.40625 -0.83748383654297
-0.390625 -0.839519525034043
-0.375 -0.835959154974584
-0.359375 -0.82665343430797
-0.34375 -0.811499022265706
-0.328125 -0.790442168444653
-0.3125 -0.763481844473798
-0.296875 -0.730672272751684
-0.28125 -0.692124766279205
-0.265625 -0.64800880578399
-0.25 -0.598552294859644
-0.234375 -0.544040950377086
-0.21875 -0.484816803550179
-0.203125 -0.421275806281722
-0.1875 -0.353864557264602
-0.171875 -0.283076182225105
-0.15625 -0.209445422119488
-0.140625 -0.133543001486015
-0.125 -0.0559693659919146
-0.109375 0.0226521069817333
-0.09375 0.10168230852774
-0.078125 0.180473883447251
-0.0625 0.258378868349011
-0.046875 0.334756347235439
-0.03125 0.408979989343003
-0.015625 0.480445337473239
0 0.548576721724959
0.015625 0.612833683204275
0.03125 0.672716804644852
0.046875 0.727772859536213
0.0625 0.777599207887142
0.078125 0.821847384648249
0.09375 0.860225845552513
0.109375 0.892501854158975
0.125 0.918502512658093
0.140625 0.938114956992576
0.15625 0.951285753575936
0.171875 0.95801954991522
0.1875 0.95837704439214
0.203125 0.952472351031513
0.21875 0.940469843075009
0.234375 0.922580564458083
0.25 0.899058300825939
0.265625 0.870195401577658
0.28125 0.836318441738571
0.296875 0.797783807450644
0.3125 0.754973281828418
0.328125 0.708289699200562
0.34375 0.658152725734059
0.359375 0.604994813538172
0.375 0.549257364000585
0.390625 0.491387124748583
0.40625 0.431832833666793
0.421875 0.371042113221815
0.4375 0.309458609281216
0.453125 0.247519360953421
0.46875 0.185652381936161
0.484375 0.124274429595018
0.5 0.0637889355772216
0.515625 0.00458407120202664
0.53125 -0.0529690779125951
0.546875 -0.108518250665478
0.5625 -0.161731681104683
0.578125 -0.212299713760217
0.59375 -0.259936370179507
0.609375 -0.304380866226512
0.625 -0.345399072550235
0.640625 -0.382784903612073
0.65625 -0.416361614127286
0.671875 -0.44598297604595
0.6875 -0.471534304561196
0.703125 -0.492933298331006
0.71875 -0.51013065732419
0.734375 -0.523110441580596
0.75 -0.531890135773545
0.765625 -0.536520387774607
0.78125 -0.537084394374793
0.796875 -0.533696913774849
0.8125 -0.526502892223198
0.828125 -0.515675701003399
0.84375 -0.501414989560397
0.859375 -0.483944170580709
0.875 -0.463507562959882
0.890625 -0.440367228447371
0.90625 -0.41479954700611
0.921875 -0.387091584231535
0.9375 -0.357537311242647
0.953125 -0.326433743027403
0.96875 -0.29407706508767
0.984375 -0.260758820234719
