-5 25
-4 16
-3 9
-2 4
-1 1
0 0
1 1
2 4
3 9
4 16
5 25


-5 25 0 -9.42265193370166
-4.9375 24.4111874406509 1.54409799523116 -9.41769898135359
-4.875 23.8229940003453 3.05141132839477 -9.40284012430939
-4.8125 23.2360387981267 4.52199804190114 -9.37807536256906
-4.75 22.6509409530387 5.95595487310083 -9.3434046961326
-4.6875 22.0683195841247 7.3534172542846 -9.298828125
-4.625 21.4887938104282 8.71455931268344 -9.24434564917127
-4.5625 20.9129827509927 10.0395938704686 -9.17995726864641
-4.5 20.3415055248619 11.3287724447514 -9.10566298342541
-4.4375 19.7749812510791 12.5823852475835 -9.02146279350829
-4.375 19.2140290486878 13.8007611859569 -8.92735669889503
-4.3125 18.6592680367317 14.9842678618036 -8.82334469958563
-4.25 18.1113173342541 16.1333115719959 -8.70942679558011
-4.1875 17.5707960602987 17.2483373083462 -8.58560298687845
-4.125 17.0383233339088 18.3298287576075 -8.45187327348066
-4.0625 16.5145182741281 19.3783083014725 -8.30823765538674
-4 16 20.3943370165746 -8.15469613259668
-3.9375 15.4952567927745 21.3785126301465 -7.9975289191989
-3.875 15.0002535825276 22.3314470322751 -7.84301622928177
-3.8125 14.5148244615418 23.2537437881554 -7.6911580628453
-3.75 14.0388035220994 24.14599609375 -7.5419544198895
-3.6875 13.5720248564831 25.0087867757892 -7.39540530041437
-3.625 13.1143225569751 25.842688291771 -7.25151070441989
-3.5625 12.6655307158581 26.6482627299609 -7.11027063190608
-3.5 12.2254834254144 27.4260618093923 -6.97168508287293
-3.4375 11.7940147779264 28.1766268798659 -6.83575405732044
-3.375 11.3709588656768 28.9004889219505 -6.70247755524862
-3.3125 10.9561497809479 29.5981685469822 -6.57185557665746
-3.25 10.5494216160221 30.2701759970649 -6.44388812154696
-3.1875 10.150608463182 30.9170111450701 -6.31857518991713
-3.125 9.75954441470994 31.539163494637 -6.19591678176796
-3.0625 9.37606356288846 32.1371121801724 -6.07591289709945
-3 9 32.7113259668508 -5.95856353591161
-2.9375 8.63122288825104 33.262263798582 -5.84218534185083
-2.875 8.2697416695442 33.7903808256539 -5.72509495856354
-2.8125 7.91560085570615 34.2961344323764 -5.60729238604972
-2.75 7.56884495856354 34.7799847850483 -5.48877762430939
-2.6875 7.22951848994303 35.2423948319577 -5.36955067334254
-2.625 6.89766596167127 35.6838303033818 -5.24961153314917
-2.5625 6.57333188557493 36.104759711587 -5.12896020372928
-2.5 6.25656077348066 36.5056543508287 -5.00759668508287
-2.4375 5.94739713721513 36.8869882973518 -4.88552097720994
-2.375 5.64588548860497 37.2492384093901 -4.7627330801105
-2.3125 5.35207033947687 37.5928843271666 -4.63923299378453
-2.25 5.06599620165746 37.9184084728936 -4.51502071823204
-2.1875 4.78770758697341 38.2262960507725 -4.39009625345304
-2.125 4.51724900725138 38.5170350469937 -4.26445959944751
-2.0625 4.25466497431803 38.791116229737 -4.13811075621547
-2 4 39.0490331491713 -4.0110497237569
-1.9375 3.75328915422134 39.2912819899248 -3.88372971339779
-1.875 3.51452973929558 39.5183599482584 -3.75660393646409
-1.8125 3.28370961563363 39.7307636092381 -3.6296723929558
-1.75 3.06081664364641 39.9289887992058 -3.50293508287293
-1.6875 2.84583868374482 40.113530585779 -3.37639200621547
-1.625 2.63876359633978 40.2848832778509 -3.25004316298343
-1.5625 2.4395792418422 40.4435404255904 -3.1238885531768
-1.5 2.24827348066298 40.589994820442 -2.99792817679558
-1.4375 2.06483417321305 40.724738495126 -2.87216203383978
-1.375 1.88924917990331 40.8482627236382 -2.74659012430939
-1.3125 1.72150636114468 40.9610580212504 -2.62121244820442
-1.25 1.56159357734807 41.0636141445097 -2.49602900552486
-1.1875 1.40949868892438 41.1564200912391 -2.37103979627072
-1.125 1.26520955628453 41.2399641005374 -2.24624482044199
-1.0625 1.12871403983943 41.3147336527788 -2.12164407803867
-1 1 41.3812154696133 -1.99723756906077
-0.9375 0.879057994863605 41.4398955561179 -1.87289580455801
-0.875 0.765889373273481 41.4912596644618 -1.74848929558011
-0.8125 0.660498181759323 41.5357937575704 -1.62401804212707
-0.75 0.562888466850829 41.5739840512776 -1.49948204419889
-0.6875 0.473064275077693 41.6063170143254 -1.37488130179558
-0.625 0.391029652969613 41.6332793683637 -1.25021581491713
-0.5625 0.316788647056285 41.6553580879506 -1.12548558356354
-0.5 0.250345303867403 41.6730404005525 -1.00069060773481
-0.4375 0.191703669932666 41.6868137865435 -0.875830887430939
-0.375 0.140867791781768 41.6971659792062 -0.750906422651934
-0.3125 0.097841715944406 41.7045849647311 -0.62591721339779
-0.25 0.0626294889502763 41.7095589822168 -0.500863259668508
-0.1875 0.0352351573290747 41.7125765236702 -0.375744561464088
-0.125 0.0156627676104972 41.714126334006 -0.25056111878453
-0.0625 0.00391636632424042 41.7146974110472 -0.125312931629834
0 0 41.7147790055249 0
0.0625 0.00391636632424033 41.7148606000026 0.125312931629834
0.125 0.0156627676104972 41.7154316770438 0.25056111878453
0.1875 0.0352351573290746 41.7169814873795 0.375744561464088
0.25 0.0626294889502762 41.7199990288329 0.500863259668508
0.3125 0.0978417159444061 41.7249730463186 0.62591721339779
0.375 0.140867791781768 41.7323920318435 0.750906422651934
0.4375 0.191703669932666 41.7427442245062 0.875830887430939
0.5 0.250345303867403 41.7565176104972 1.00069060773481
0.5625 0.316788647056285 41.7741999230991 1.12548558356354
0.625 0.391029652969613 41.796278642686 1.25021581491713
0.6875 0.473064275077693 41.8232409967243 1.37488130179558
0.75 0.562888466850829 41.8555739597721 1.4994820441989
0.8125 0.660498181759323 41.8937642534793 1.62401804212707
0.875 0.765889373273481 41.938298346588 1.74848929558011
0.9375 0.879057994863605 41.9896624549318 1.87289580455801
1 1 42.0483425414365 1.99723756906077
1.0625 1.12871403983943 42.114824358271 2.12164407803867
1.125 1.26520955628453 42.1895939105123 2.24624482044199
1.1875 1.40949868892438 42.2731379198106 2.37103979627072
1.25 1.56159357734807 42.3659438665401 2.49602900552486
1.3125 1.72150636114468 42.4684999897994 2.62121244820442
1.375 1.88924917990332 42.5812952874115 2.74659012430939
1.4375 2.06483417321305 42.7048195159238 2.87216203383978
1.5 2.24827348066298 42.8395631906077 2.99792817679558
1.5625 2.4395792418422 42.9860175854593 3.1238885531768
1.625 2.63876359633978 43.1446747331988 3.25004316298343
1.6875 2.84583868374482 43.3160274252707 3.37639200621547
1.75 3.06081664364641 43.5005692118439 3.50293508287293
1.8125 3.28370961563363 43.6987944018116 3.6296723929558
1.875 3.51452973929558 43.9111980627913 3.75660393646409
1.9375 3.75328915422134 44.1382760211249 3.88372971339779
2 4 44.3805248618784 4.01104972375691
2.0625 4.25466497431802 44.6384417813127 4.13811075621547
2.125 4.51724900725138 44.912522964056 4.26445959944751
2.1875 4.78770758697341 45.2032619602772 4.39009625345304
2.25 5.06599620165746 45.5111495381561 4.51502071823204
2.3125 5.35207033947686 45.8366736838831 4.63923299378453
2.375 5.64588548860497 46.1803196016596 4.7627330801105
2.4375 5.94739713721512 46.5425697136979 4.88552097720994
2.5 6.25656077348066 46.923903660221 5.00759668508287
2.5625 6.57333188557493 47.3247982994627 5.12896020372928
2.625 6.89766596167127 47.7457277076679 5.24961153314917
2.6875 7.22951848994303 48.187163179092 5.36955067334254
2.75 7.56884495856354 48.6495732260014 5.48877762430939
2.8125 7.91560085570615 49.1334235786733 5.60729238604973
2.875 8.2697416695442 49.6391771853958 5.72509495856354
2.9375 8.63122288825104 50.1672942124678 5.84218534185083
3 9 50.7182320441989 5.95856353591161
3.0625 9.37606356288847 51.2924458308773 6.07591289709945
3.125 9.75954441470994 51.8903945164127 6.19591678176796
3.1875 10.150608463182 52.5125468659796 6.31857518991713
3.25 10.5494216160221 53.1593820139848 6.44388812154696
3.3125 10.9561497809479 53.8313894640675 6.57185557665746
3.375 11.3709588656768 54.5290690890992 6.70247755524862
3.4375 11.7940147779264 55.2529311311838 6.83575405732044
3.5 12.2254834254144 56.0034962016575 6.97168508287293
3.5625 12.6655307158581 56.7812952810888 7.11027063190607
3.625 13.1143225569751 57.5868697192787 7.25151070441989
3.6875 13.5720248564831 58.4207712352605 7.39540530041436
3.75 14.0388035220994 59.2835619172997 7.5419544198895
3.8125 14.5148244615418 60.1758142228943 7.6911580628453
3.875 15.0002535825276 61.0981109787746 7.84301622928176
3.9375 15.4952567927745 62.0510453809032 7.99752891919889
4 16 63.0352209944751 8.15469613259668
4.0625 16.5145182741281 64.0512497095772 8.30823765538674
4.125 17.0383233339088 65.0997292534422 8.45187327348066
4.1875 17.5707960602987 66.1812207027035 8.58560298687845
4.25 18.1113173342541 67.2962464390539 8.70942679558011
4.3125 18.6592680367317 68.4452901492461 8.82334469958563
4.375 19.2140290486878 69.6287968250928 8.92735669889503
4.4375 19.7749812510791 70.8471727634662 9.02146279350829
4.5 20.3415055248619 72.1007855662983 9.10566298342541
4.5625 20.9129827509927 73.3899641405812 9.17995726864641
4.625 21.4887938104282 74.7149986983663 9.24434564917127
4.6875 22.0683195841247 76.0761407567651 9.298828125
4.75 22.6509409530387 77.4736031379489 9.34340469613259
4.8125 23.2360387981267 78.9075599691486 9.37807536256906
4.875 23.8229940003453 80.3781466826549 9.40284012430939
4.9375 24.4111874406509 81.8854600158186 9.41769898135359
5 25 83.4295580110497 9.42265193370165
