0 0
0,5 0,479425538604203
1 0,841470984807897
1,5 0,997494986604054
2 0,909297426825682
2,5 0,598472144103956
3 0,141120008059867
3,5 -0,35078322768962
4 -0,756802495307928
4,5 -0,977530117665097
5 -0,958924274663138
5,5 -0,705540325570392
6 -0,279415498198926


0 0 -1
0,0625 0,0599281923255254 -0,998127243989827
0,125 0,119856384651051 -0,992508975959309
0,1875 0,179784576976576 -0,983145195908446
0,25 0,239712769302102 -0,970035903837237
0,3125 0,299640961627627 -0,953181099745683
0,375 0,359569153953152 -0,932580783633784
0,4375 0,419497346278678 -0,908234955501539
0,5 0,479425538604203 -0,880143615348949
0,5625 0,524681219379665 -0,848765279161953
0,625 0,569936900155126 -0,814558462926491
0,6875 0,615192580930588 -0,777523166642563
0,75 0,66044826170605 -0,737659390310168
0,8125 0,705703942481511 -0,694967133929306
0,875 0,750959623256973 -0,649446397499979
0,9375 0,796215304032435 -0,601097181022185
1 0,841470984807897 -0,549919484495924
1,0625 0,860973985032416 -0,496718079188415
1,125 0,880476985256936 -0,442297736366872
1,1875 0,899979985481456 -0,386658456031298
1,25 0,919482985705975 -0,32980023818169
1,3125 0,938985985930495 -0,271723082818051
1,375 0,958488986155015 -0,212426989940379
1,4375 0,977991986379535 -0,151911959548674
1,5 0,997494986604054 -0,0901779916429367
1,5625 0,986470291631758 -0,0281790766980675
1,625 0,975445596659461 0,0331307948110331
1,6875 0,964420901687165 0,0937516228843651
1,75 0,953396206714868 0,153683407521929
1,8125 0,942371511742571 0,212926148723724
1,875 0,931346816770275 0,27147984648975
1,9375 0,920322121797978 0,329344500820008
2 0,909297426825682 0,386520111714497
2,0625 0,870444266485466 0,442137039630471
2,125 0,83159110614525 0,495325645025181
2,1875 0,792737945805035 0,546085927898627
2,25 0,753884785464819 0,59441788825081
2,3125 0,715031625124603 0,640321526081729
2,375 0,676178464784388 0,683796841391385
2,4375 0,637325304444172 0,724843834179778
2,5 0,598472144103956 0,763462504446907
2,5625 0,541303127098445 0,799080481671982
2,625 0,484134110092934 0,831125395334213
2,6875 0,426965093087423 0,859597245433599
2,75 0,369796076081912 0,88449603197014
2,8125 0,312627059076401 0,905821754943838
2,875 0,25545804207089 0,923574414354691
2,9375 0,198289025065378 0,937754010202699
3 0,141120008059867 0,948360542487863
3,0625 0,0796321035911813 0,955259045976958
3,125 0,0181441991224955 0,958314555436761
3,1875 -0,0433437053461904 0,95752707086727
3,25 -0,104831609814876 0,952896592268487
3,3125 -0,166319514283562 0,944423119640411
3,375 -0,227807418752248 0,932106652983042
3,4375 -0,289295323220934 0,91594719229638
3,5 -0,35078322768962 0,895944737580425
3,5625 -0,401535636141908 0,87243477308569
3,625 -0,452288044594197 0,845752783062686
3,6875 -0,503040453046485 0,815898767511415
3,75 -0,553792861498774 0,782872726431876
3,8125 -0,604545269951063 0,746674659824068
3,875 -0,655297678403351 0,707304567687993
3,9375 -0,70605008685564 0,664762450023649
4 -0,756802495307928 0,619048306831038
4,0625 -0,784393448102574 0,57088593359946
4,125 -0,81198440089722 0,520999125818216
4,1875 -0,839575353691867 0,469387883487307
4,25 -0,867166306486513 0,416052206606733
4,3125 -0,894757259281159 0,360992095176493
4,375 -0,922348212075805 0,304207549196588
4,4375 -0,949939164870451 0,245698568667017
4,5 -0,977530117665097 0,185465153587781
4,5625 -0,975204387289852 0,124442200307939
4,625 -0,972878656914607 0,0635646051765499
4,6875 -0,970552926539363 0,00283236819361332
4,75 -0,968227196164118 -0,0577545106408706
4,8125 -0,965901465788873 -0,118196031326901
4,875 -0,963575735413628 -0,178492193864479
4,9375 -0,961250005038383 -0,238642998253605
5 -0,958924274663138 -0,298648444494277
5,0625 -0,927251281026545 -0,35759143060958
5,125 -0,895578287389952 -0,414554854622596
5,1875 -0,863905293753358 -0,469538716533324
5,25 -0,832232300116765 -0,522543016341766
5,3125 -0,800559306480172 -0,57356775404792
5,375 -0,768886312843579 -0,622612929651787
5,4375 -0,737213319206985 -0,669678543153367
5,5 -0,705540325570392 -0,71476459455266
5,5625 -0,652274722148959 -0,75719631479389
5,625 -0,599009118727525 -0,79629893482128
5,6875 -0,545743515306092 -0,832072454634831
5,75 -0,492477911884659 -0,864516874234541
5,8125 -0,439212308463226 -0,893632193620413
5,875 -0,385946705041792 -0,919418412792445
5,9375 -0,332681101620359 -0,941875531750637
6 -0,279415498198926 -0,96100355049499
