-1 0.35322690848236
-0.894736842105263 0.309802259625527
-0.789473684210526 0.124837110617201
-0.684210526315789 -0.179854467282462
-0.578947368421053 -0.521775260580296
-0.473684210526316 -0.778546959604401
-0.368421052631579 -0.834212341288874
-0.263157894736842 -0.632604991636986
-0.157894736842105 -0.211597087256371
-0.0526315789473685 0.301971142652196
0.0526315789473684 0.738545534638979
0.157894736842105 0.953842159707218
0.263157894736842 0.886951458303233
0.368421052631579 0.581374974294357
0.473684210526316 0.160599186123614
0.578947368421053 -0.227654398899546
0.684210526315789 -0.4705301385085
0.789473684210526 -0.526107340970266
0.894736842105263 -0.42454349264334
1 -0.240462049968584


-1 0.348958479618425 0.632724786794342 -0.563620832258416
-0.984375 0.356724918970966 0.361109087955505 -0.558102153954566
-0.96875 0.360240125959082 0.088911845964539 -0.552495325988803
-0.953125 0.359510919345694 -0.181848080505684 -0.546866761674795
-0.9375 0.35457482331968 -0.449261734397386 -0.541282525659474
-0.921875 0.345498245487105 -0.711542741987961 -0.53580786812716
-0.90625 0.332374491136604 -0.967035585962271 -0.530506788841421
-0.890625 0.315321682403277 -1.21421952613905 -0.525441633045615
-0.875 0.294480649013031 -1.45170835928795 -0.520672720183216
-0.859375 0.270012853287582 -1.67824633727076 -0.516258005385803
-0.84375 0.242098406173734 -1.89270067946895 -0.512252772741038
-0.828125 0.210934223428686 -2.09405121773131 -0.50870935852359
-0.8125 0.176732361995972 -2.28137779693123 -0.5056769018736
-0.796875 0.139718566335836 -2.45384611921086 -0.503201119860695
-0.78125 0.100131043355609 -2.61069276322413 -0.50132410349243
-0.765625 0.0582194729704466 -2.75121012989975 -0.500084131025081
-0.75 0.0142442495782917 -2.8747320627962 -0.499515494916677
-0.734375 -0.0315240617746338 -2.9806208640374 -0.499648338926302
-0.71875 -0.0788050816651271 -3.06825637677239 -0.500508502203405
-0.703125 -0.127308822078873 -3.13702773340277 -0.502117367713921
-0.6875 -0.176735787461646 -3.18632827737623 -0.504491712998947
-0.671875 -0.226777023892208 -3.21555405761564 -0.507643562034319
-0.65625 -0.277114174523924 -3.22410617160175 -0.511580037829147
-0.640625 -0.327419602719988 -3.21139709914105 -0.516303216338231
-0.625 -0.377356645430241 -3.17686102766119 -0.52180998323474
-0.609375 -0.426580058244029 -3.11996802547865 -0.528091896061015
-0.59375 -0.474736710185886 -3.04024177602695 -0.535135055211961
-0.578125 -0.521466580746222 -2.93728044772939 -0.542919988071983
-0.5625 -0.566404103971174 -2.81078014520641 -0.551421551389376
-0.546875 -0.609179894851009 -2.66056027182268 -0.560608857599903
-0.53125 -0.649422881982657 -2.48659003492845 -0.570445231275932
-0.515625 -0.686762857831854 -2.28901524688171 -0.580888202154895
-0.5 -0.720833444225581 -2.06818451991382 -0.591889541271885
-0.484375 -0.751275456347819 -1.82467392340694 -0.603395346572682
-0.46875 -0.777740633903607 -1.55930916980712 -0.615346184007983
-0.453125 -0.799895693690084 -1.27318442108933 -0.627677289506855
-0.4375 -0.817426644008554 -0.967676861520343 -0.640318836403386
-0.421875 -0.830043288603782 -0.644456263712647 -0.653196271858624
-0.40625 -0.83748383654297 -0.305488882078066 -0.666230724599663
-0.390625 -0.839519525034043 0.0469648615923449 -0.679339484915527
-0.375 -0.835959154974584 0.410359284716025 -0.692436556336979
-0.359375 -0.82665343430797 0.781879159478389 -0.705433276821363
-0.34375 -0.811499022265706 1.15846227463661 -0.718239005604908
-0.328125 -0.790442168444653 1.53682869423713 -0.73076187021728
-0.3125 -0.763481844473798 1.91351637557598 -0.742909566522015
-0.296875 -0.730672272751684 2.28492262419496 -0.754590203097675
-0.28125 -0.692124766279205 2.64735068855668 -0.765713179853076
-0.265625 -0.64800880578399 2.99706063671771 -0.77619008951841
-0.25 -0.598552294859644 3.3303235169465 -0.785935629611537
-0.234375 -0.544040950377086 3.64347768843801 -0.794868511679307
-0.21875 -0.484816803550179 3.93298612103176 -0.802912354085791
-0.203125 -0.421275806281722 4.19549340730672 -0.809996544383811
-0.1875 -0.353864557264602 4.42788120883873 -0.816057057376865
-0.171875 -0.283076182225105 4.62732087197251 -0.821037215360499
-0.15625 -0.209445422119488 4.79132199730197 -0.824888377722279
-0.140625 -0.133543001486015 4.91777583017919 -0.827570548065635
-0.125 -0.0559693659919146 5.00499245489697 -0.829052888284931
-0.109375 0.0226521069817333 5.05173091957797 -0.82931413052893
-0.09375 0.10168230852774 5.05722158816956 -0.828342879712287
-0.078125 0.180473883447251 5.02118020537093 -0.826137801128501
-0.0625 0.258378868349011 4.94381336422361 -0.822707689736853
-0.046875 0.334756347235439 4.82581527840407 -0.818071419790428
-0.03125 0.408979989343003 4.6683559756092 -0.812257775590902
-0.015625 0.480445337473239 4.47306123839312 -0.805305166245886
0 0.548576721724959 4.24198481811225 -0.797261229315391
0.015625 0.612833683204275 3.97757363034213 -0.788182330116675
0.03125 0.672716804644852 3.68262680087941 -0.778132965166982
0.046875 0.727772859536213 3.36024956561359 -0.767185079742261
0.0625 0.777599207887142 3.01380313141764 -0.75541731078422
0.078125 0.821847384648249 2.64685167605234 -0.742914167372708
0.09375 0.860225845552513 2.26310770129523 -0.729765161678163
0.109375 0.892501854158975 1.86637695462592 -0.716063903710886
0.125 0.918502512658093 1.4605041015072 -0.701907173289913
0.140625 0.938114956992576 1.04932026439066 -0.687393982472346
0.15625 0.951285753575936 0.63659344887568 -0.672624641230227
0.171875 0.95801954991522 0.225982755712802 -0.657699838459621
0.1875 0.95837704439214 -0.179002865900763 -0.642719749485248
0.203125 0.952472351031513 -0.575040727891666 -0.627783180118517
0.21875 0.940469843075009 -0.95902495030689 -0.61298675607612
0.234375 0.922580564458083 -1.32809119570049 -0.598424165211852
0.25 0.899058300825939 -1.67963551546774 -0.584185458598816
0.265625 0.870195401577658 -2.01132740082728 -0.570356415065048
0.28125 0.836318441738571 -2.32111728757654 -0.557017972373931
0.296875 0.797783807450644 -2.60723890372067 -0.544245726889556
0.3125 0.754973281828418 -2.86820696856292 -0.532109502310542
0.328125 0.708289699200562 -3.10281084761748 -0.520672986922895
0.34375 0.658152725734059 -3.31010483744787 -0.509993437836563
0.359375 0.604994813538172 -3.48939579688889 -0.500121449848419
0.375 0.549257364000585 -3.64022885571682 -0.491100785926845
0.390625 0.491387124748583 -3.76237191930464 -0.482968265843491
0.40625 0.431832833666793 -3.85579964968898 -0.475753709183005
0.421875 0.371042113221815 -3.92067754219544 -0.469479928832495
0.4375 0.309458609281216 -3.95734663548706 -0.464162771074138
0.453125 0.247519360953421 -3.96630929541768 -0.459811198557008
0.46875 0.185652381936161 -3.94821640366987 -0.45642741268412
0.484375 0.124274429595018 -3.90385616544292 -0.45400701229129
0.5 0.0637889355772216 -3.83414463119073 -0.452539185887231
0.515625 0.00458407120202664 -3.74011791033628 -0.452006935140404
0.53125 -0.0529690779125951 -3.62292594456754 -0.452387327708981
0.546875 -0.108518250665478 -3.48382760896439 -0.45365177788898
0.5625 -0.161731681104683 -3.32418682454132 -0.455766353878116
0.578125 -0.212299713760217 -3.14546929892634 -0.458692110698457
0.59375 -0.259936370179507 -2.94923946521988 -0.462385447973393
0.609375 -0.304380866226512 -2.73715716418102 -0.466798491802272
0.625 -0.345399072550235 -2.51097361251642 -0.471879499913384
0.640625 -0.382784903612073 -2.2725262200792 -0.477573289102063
0.65625 -0.416361614127286 -2.02373186024941 -0.483821683680506
0.671875 -0.44598297604595 -1.76657825887853 -0.490563983289509
0.6875 -0.471534304561196 -1.5031132454179 -0.497737447964575
0.703125 -0.492933298331006 -1.23543170204663 -0.505277797828826
0.71875 -0.51013065732419 -0.965660149085046 -0.513119724225187
0.734375 -0.523110441580596 -0.695939013651922 -0.521197408525478
0.75 -0.531890135773545 -0.42840273909957 -0.529445044290687
0.765625 -0.536520387774607 -0.165158000867154 -0.537797357931726
0.78125 -0.537084394374793 0.0917396042474469 -0.546190122559766
0.796875 -0.533696913774849 0.340309937811205 -0.554560659344373
0.8125 -0.526502892223198 0.578673234702628 -0.56284832043824
0.828125 -0.515675701003399 0.805074960812679 -0.57099494739784
0.84375 -0.501414989560397 1.01790998226473 -0.578945299044102
0.859375 -0.483944170580709 1.2157453977839 -0.586647442875605
0.875 -0.463507562959882 1.39734139124419 -0.594053104473126
0.890625 -0.440367228447371 1.56166948942224 -0.601117969817086
0.90625 -0.41479954700611 1.70792765982693 -0.607801936071974
0.921875 -0.387091584231535 1.83555175359389 -0.614069307161842
0.9375 -0.357537311242647 1.94422288653502 -0.619888931351479
0.953125 -0.326433743027403 2.03387045456996 -0.625234279037456
0.96875 -0.29407706508767 2.10467059446041 -0.630083460016696
0.984375 -0.260758820234719 2.1570400231396 -0.634419180609737
