-5 1
-4 1
-3 1
-2 1
-1 1
0 1
1 1
2 1
3 1
4 1
5 1


-5 1 -4 0
-4.9375 1 -3.9375 0
-4.875 1 -3.875 0
-4.8125 1 -3.8125 0
-4.75 1 -3.75 0
-4.6875 1 -3.6875 0
-4.625 1 -3.625 0
-4.5625 1 -3.5625 0
-4.5 1 -3.5 0
-4.4375 1 -3.4375 0
-4.375 1 -3.375 0
-4.3125 1 -3.3125 0
-4.25 1 -3.25 0
-4.1875 1 -3.1875 0
-4.125 1 -3.125 0
-4.0625 1 -3.0625 0
-4 1 -3 0
-3.9375 1 -2.9375 0
-3.875 1 -2.875 0
-3.8125 1 -2.8125 0
-3.75 1 -2.75 0
-3.6875 1 -2.6875 0
-3.625 1 -2.625 0
-3.5625 1 -2.5625 0
-3.5 1 -2.5 0
-3.4375 1 -2.4375 0
-3.375 1 -2.375 0
-3.3125 1 -2.3125 0
-3.25 1 -2.25 0
-3.1875 1 -2.1875 0
-3.125 1 -2.125 0
-3.0625 1 -2.0625 0
-3 1 -2 0
-2.9375 1 -1.9375 0
-2.875 1 -1.875 0
-2.8125 1 -1.8125 0
-2.75 1 -1.75 0
-2.6875 1 -1.6875 0
-2.625 1 -1.625 0
-2.5625 1 -1.5625 0
-2.5 1 -1.5 0
-2.4375 1 -1.4375 0
-2.375 1 -1.375 0
-2.3125 1 -1.3125 0
-2.25 1 -1.25 0
-2.1875 1 -1.1875 0
-2.125 1 -1.125 0
-2.0625 1 -1.0625 0
-2 1 -1 0
-1.9375 1 -0.9375 0
-1.875 1 -0.875 0
-1.8125 1 -0.8125 0
-1.75 1 -0.75 0
-1.6875 1 -0.6875 0
-1.625 1 -0.625 0
-1.5625 1 -0.5625 0
-1.5 1 -0.5 0
-1.4375 1 -0.4375 0
-1.375 1 -0.375 0
-1.3125 1 -0.3125 0
-1.25 1 -0.25 0
-1.1875 1 -0.1875 0
-1.125 1 -0.125 0
-1.0625 1 -0.0625 0
-1 1 0 0
-0.9375 1 0.0625 0
-0.875 1 0.125 0
-0.8125 1 0.1875 0
-0.75 1 0.25 0
-0.6875 1 0.3125 0
-0.625 1 0.375 0
-0.5625 1 0.4375 0
-0.5 1 0.5 0
-0.4375 1 0.5625 0
-0.375 1 0.625 0
-0.3125 1 0.6875 0
-0.25 1 0.75 0
-0.1875 1 0.8125 0
-0.125 1 0.875 0
-0.0625 1 0.9375 0
0 1 1 0
0.0625 1 1.0625 0
0.125 1 1.125 0
0.1875 1 1.1875 0
0.25 1 1.25 0
0.3125 1 1.3125 0
0.375 1 1.375 0
0.4375 1 1.4375 0
0.5 1 1.5 0
0.5625 1 1.5625 0
0.625 1 1.625 0
0.6875 1 1.6875 0
0.75 1 1.75 0
0.8125 1 1.8125 0
0.875 1 1.875 0
0.9375 1 1.9375 0
1 1 2 0
1.0625 1 2.0625 0
1.125 1 2.125 0
1.1875 1 2.1875 0
1.25 1 2.25 0
1.3125 1 2.3125 0
1.375 1 2.375 0
1.4375 1 2.4375 0
1.5 1 2.5 0
1.5625 1 2.5625 0
1.625 1 2.625 0
1.6875 1 2.6875 0
1.75 1 2.75 0
1.8125 1 2.8125 0
1.875 1 2.875 0
1.9375 1 2.9375 0
2 1 3 0
2.0625 1 3.0625 0
2.125 1 3.125 0
2.1875 1 3.1875 0
2.25 1 3.25 0
2.3125 1 3.3125 0
2.375 1 3.375 0
2.4375 1 3.4375 0
2.5 1 3.5 0
2.5625 1 3.5625 0
2.625 1 3.625 0
2.6875 1 3.6875 0
2.75 1 3.75 0
2.8125 1 3.8125 0
2.875 1 3.875 0
2.9375 1 3.9375 0
3 1 4 0
3.0625 1 4.0625 0
3.125 1 4.125 0
3.1875 1 4.1875 0
3.25 1 4.25 0
3.3125 1 4.3125 0
3.375 1 4.375 0
3.4375 1 4.4375 0
3.5 1 4.5 0
3.5625 1 4.5625 0
3.625 1 4.625 0
3.6875 1 4.6875 0
3.75 1 4.75 0
3.8125 1 4.8125 0
3.875 1 4.875 0
3.9375 1 4.9375 0
4 1 5 0
4.0625 1 5.0625 0
4.125 1 5.125 0
4.1875 1 5.1875 0
4.25 1 5.25 0
4.3125 1 5.3125 0
4.375 1 5.375 0
4.4375 1 5.4375 0
4.5 1 5.5 0
4.5625 1 5.5625 0
4.625 1 5.625 0
4.6875 1 5.6875 0
4.75 1 5.75 0
4.8125 1 5.8125 0
4.875 1 5.875 0
4.9375 1 5.9375 0
5 1 6 0


-5 -5
-4 -4
-3 -3
-2 -2
-1 -1
0 0
1 1
2 2
3 3
4 4
5 5


-5 -5 6.5 1
-4.9375 -4.9375 6.189453125 1
-4.875 -4.875 5.8828125 1
-4.8125 -4.8125 5.580078125 1
-4.75 -4.75 5.28125 1
-4.6875 -4.6875 4.986328125 1
-4.625 -4.625 4.6953125 1
-4.5625 -4.5625 4.408203125 1
-4.5 -4.5 4.125 1
-4.4375 -4.4375 3.845703125 1
-4.375 -4.375 3.5703125 1
-4.3125 -4.3125 3.298828125 1
-4.25 -4.25 3.03125 1
-4.1875 -4.1875 2.767578125 1
-4.125 -4.125 2.5078125 1
-4.0625 -4.0625 2.251953125 1
-4 -4 2 1
-3.9375 -3.9375 1.751953125 1
-3.875 -3.875 1.5078125 1
-3.8125 -3.8125 1.267578125 1
-3.75 -3.75 1.03125 1
-3.6875 -3.6875 0.798828125 1
-3.625 -3.625 0.5703125 1
-3.5625 -3.5625 0.345703125 1
-3.5 -3.5 0.125 1
-3.4375 -3.4375 -0.091796875 1
-3.375 -3.375 -0.3046875 1
-3.3125 -3.3125 -0.513671875 1
-3.25 -3.25 -0.71875 1
-3.1875 -3.1875 -0.919921875 1
-3.125 -3.125 -1.1171875 1
-3.0625 -3.0625 -1.310546875 1
-3 -3 -1.5 1
-2.9375 -2.9375 -1.685546875 1
-2.875 -2.875 -1.8671875 1
-2.8125 -2.8125 -2.044921875 1
-2.75 -2.75 -2.21875 1
-2.6875 -2.6875 -2.388671875 1
-2.625 -2.625 -2.5546875 1
-2.5625 -2.5625 -2.716796875 1
-2.5 -2.5 -2.875 1
-2.4375 -2.4375 -3.029296875 1
-2.375 -2.375 -3.1796875 1
-2.3125 -2.3125 -3.326171875 1
-2.25 -2.25 -3.46875 1
-2.1875 -2.1875 -3.607421875 1
-2.125 -2.125 -3.7421875 1
-2.0625 -2.0625 -3.873046875 1
-2 -2 -4 1
-1.9375 -1.9375 -4.123046875 1
-1.875 -1.875 -4.2421875 1
-1.8125 -1.8125 -4.357421875 1
-1.75 -1.75 -4.46875 1
-1.6875 -1.6875 -4.576171875 1
-1.625 -1.625 -4.6796875 1
-1.5625 -1.5625 -4.779296875 1
-1.5 -1.5 -4.875 1
-1.4375 -1.4375 -4.966796875 1
-1.375 -1.375 -5.0546875 1
-1.3125 -1.3125 -5.138671875 1
-1.25 -1.25 -5.21875 1
-1.1875 -1.1875 -5.294921875 1
-1.125 -1.125 -5.3671875 1
-1.0625 -1.0625 -5.435546875 1
-1 -1 -5.5 1
-0.9375 -0.9375 -5.560546875 1
-0.875 -0.875 -5.6171875 1
-0.8125 -0.8125 -5.669921875 1
-0.75 -0.75 -5.71875 1
-0.6875 -0.6875 -5.763671875 1
-0.625 -0.625 -5.8046875 1
-0.5625 -0.5625 -5.841796875 1
-0.5 -0.5 -5.875 1
-0.4375 -0.4375 -5.904296875 1
-0.375 -0.375 -5.9296875 1
-0.3125 -0.3125 -5.951171875 1
-0.25 -0.25 -5.96875 1
-0.1875 -0.1875 -5.982421875 1
-0.125 -0.125 -5.9921875 1
-0.0625 -0.0625 -5.998046875 1
0 0 -6 1
0.0625 0.0625 -5.998046875 1
0.125 0.125 -5.9921875 1
0.1875 0.1875 -5.982421875 1
0.25 0.25 -5.96875 1
0.3125 0.3125 -5.951171875 1
0.375 0.375 -5.9296875 1
0.4375 0.4375 -5.904296875 1
0.5 0.5 -5.875 1
0.5625 0.5625 -5.841796875 1
0.625 0.625 -5.8046875 1
0.6875 0.6875 -5.763671875 1
0.75 0.75 -5.71875 1
0.8125 0.8125 -5.669921875 1
0.875 0.875 -5.6171875 1
0.9375 0.9375 -5.560546875 1
1 1 -5.5 1
1.0625 1.0625 -5.435546875 1
1.125 1.125 -5.3671875 1
1.1875 1.1875 -5.294921875 1
1.25 1.25 -5.21875 1
1.3125 1.3125 -5.138671875 1
1.375 1.375 -5.0546875 1
1.4375 1.4375 -4.966796875 1
1.5 1.5 -4.875 1
1.5625 1.5625 -4.779296875 1
1.625 1.625 -4.6796875 1
1.6875 1.6875 -4.576171875 1
1.75 1.75 -4.46875 1
1.8125 1.8125 -4.357421875 1
1.875 1.875 -4.2421875 1
1.9375 1.9375 -4.123046875 1
2 2 -4 1
2.0625 2.0625 -3.873046875 1
2.125 2.125 -3.7421875 1
2.1875 2.1875 -3.607421875 1
2.25 2.25 -3.46875 1
2.3125 2.3125 -3.326171875 1
2.375 2.375 -3.1796875 1
2.4375 2.4375 -3.029296875 1
2.5 2.5 -2.875 1
2.5625 2.5625 -2.716796875 1
2.625 2.625 -2.5546875 1
2.6875 2.6875 -2.388671875 1
2.75 2.75 -2.21875 1
2.8125 2.8125 -2.044921875 1
2.875 2.875 -1.8671875 1
2.9375 2.9375 -1.685546875 1
3 3 -1.5 1
3.0625 3.0625 -1.310546875 1
3.125 3.125 -1.1171875 1
3.1875 3.1875 -0.919921875 1
3.25 3.25 -0.71875 1
3.3125 3.3125 -0.513671875 1
3.375 3.375 -0.3046875 1
3.4375 3.4375 -0.091796875 1
3.5 3.5 0.125 1
3.5625 3.5625 0.345703125 1
3.625 3.625 0.5703125 1
3.6875 3.6875 0.798828125 1
3.75 3.75 1.03125 1
3.8125 3.8125 1.267578125 1
3.875 3.875 1.5078125 1
3.9375 3.9375 1.751953125 1
4 4 2 1
4.0625 4.0625 2.251953125 1
4.125 4.125 2.5078125 1
4.1875 4.1875 2.767578125 1
4.25 4.25 3.03125 1
4.3125 4.3125 3.298828125 1
4.375 4.375 3.5703125 1
4.4375 4.4375 3.845703125 1
4.5 4.5 4.125 1
4.5625 4.5625 4.408203125 1
4.625 4.625 4.6953125 1
4.6875 4.6875 4.986328125 1
4.75 4.75 5.28125 1
4.8125 4.8125 5.580078125 1
4.875 4.875 5.8828125 1
4.9375 4.9375 6.189453125 1
5 5 6.5 1


-5 25
-4 16
-3 9
-2 4
-1 1
0 0
1 1
2 4
3 9
4 16
5 25


-5 25 -30 -9
-4.9375 24.4375 -28.455078125 -9
-4.875 23.875 -26.9453125 -9
-4.8125 23.3125 -25.470703125 -9
-4.75 22.75 -24.03125 -9
-4.6875 22.1875 -22.626953125 -9
-4.625 21.625 -21.2578125 -9
-4.5625 21.0625 -19.923828125 -9
-4.5 20.5 -18.625 -9
-4.4375 19.9375 -17.361328125 -9
-4.375 19.375 -16.1328125 -9
-4.3125 18.8125 -14.939453125 -9
-4.25 18.25 -13.78125 -9
-4.1875 17.6875 -12.658203125 -9
-4.125 17.125 -11.5703125 -9
-4.0625 16.5625 -10.517578125 -9
-4 16 -9.5 -9
-3.9375 15.4453125 -8.513671875 -8.75
-3.875 14.90625 -7.5546875 -8.5
-3.8125 14.3828125 -6.623046875 -8.25
-3.75 13.875 -5.71875 -8
-3.6875 13.3828125 -4.841796875 -7.75
-3.625 12.90625 -3.9921875 -7.5
-3.5625 12.4453125 -3.169921875 -7.25
-3.5 12 -2.375 -7
-3.4375 11.5703125 -1.607421875 -6.75
-3.375 11.15625 -0.8671875 -6.5
-3.3125 10.7578125 -0.154296875 -6.25
-3.25 10.375 0.53125 -6
-3.1875 10.0078125 1.189453125 -5.75
-3.125 9.65625 1.8203125 -5.5
-3.0625 9.3203125 2.423828125 -5.25
-3 9 3 -5
-2.9375 8.6875 3.552734375 -5
-2.875 8.375 4.0859375 -5
-2.8125 8.0625 4.599609375 -5
-2.75 7.75 5.09375 -5
-2.6875 7.4375 5.568359375 -5
-2.625 7.125 6.0234375 -5
-2.5625 6.8125 6.458984375 -5
-2.5 6.5 6.875 -5
-2.4375 6.1875 7.271484375 -5
-2.375 5.875 7.6484375 -5
-2.3125 5.5625 8.005859375 -5
-2.25 5.25 8.34375 -5
-2.1875 4.9375 8.662109375 -5
-2.125 4.625 8.9609375 -5
-2.0625 4.3125 9.240234375 -5
-2 4 9.5 -5
-1.9375 3.6953125 9.744140625 -4.75
-1.875 3.40625 9.9765625 -4.5
-1.8125 3.1328125 10.197265625 -4.25
-1.75 2.875 10.40625 -4
-1.6875 2.6328125 10.603515625 -3.75
-1.625 2.40625 10.7890625 -3.5
-1.5625 2.1953125 10.962890625 -3.25
-1.5 2 11.125 -3
-1.4375 1.8203125 11.275390625 -2.75
-1.375 1.65625 11.4140625 -2.5
-1.3125 1.5078125 11.541015625 -2.25
-1.25 1.375 11.65625 -2
-1.1875 1.2578125 11.759765625 -1.75
-1.125 1.15625 11.8515625 -1.5
-1.0625 1.0703125 11.931640625 -1.25
-1 1 12 -1
-0.9375 0.9375 12.060546875 -1
-0.875 0.875 12.1171875 -1
-0.8125 0.8125 12.169921875 -1
-0.75 0.75 12.21875 -1
-0.6875 0.6875 12.263671875 -1
-0.625 0.625 12.3046875 -1
-0.5625 0.5625 12.341796875 -1
-0.5 0.5 12.375 -1
-0.4375 0.4375 12.404296875 -1
-0.375 0.375 12.4296875 -1
-0.3125 0.3125 12.451171875 -1
-0.25 0.25 12.46875 -1
-0.1875 0.1875 12.482421875 -1
-0.125 0.125 12.4921875 -1
-0.0625 0.0625 12.498046875 -1
0 0 12.5 -1
0.0625 -0.0546875 12.501953125 -0.75
0.125 -0.09375 12.5078125 -0.5
0.1875 -0.1171875 12.517578125 -0.25
0.25 -0.125 12.53125 0
0.3125 -0.1171875 12.548828125 0.25
0.375 -0.09375 12.5703125 0.5
0.4375 -0.0546875 12.595703125 0.75
0.5 0 12.625 1
0.5625 0.0703125 12.658203125 1.25
0.625 0.15625 12.6953125 1.5
0.6875 0.2578125 12.736328125 1.75
0.75 0.375 12.78125 2
0.8125 0.5078125 12.830078125 2.25
0.875 0.65625 12.8828125 2.5
0.9375 0.8203125 12.939453125 2.75
1 1 13 3
1.0625 1.1875 13.068359375 3
1.125 1.375 13.1484375 3
1.1875 1.5625 13.240234375 3
1.25 1.75 13.34375 3
1.3125 1.9375 13.458984375 3
1.375 2.125 13.5859375 3
1.4375 2.3125 13.724609375 3
1.5 2.5 13.875 3
1.5625 2.6875 14.037109375 3
1.625 2.875 14.2109375 3
1.6875 3.0625 14.396484375 3
1.75 3.25 14.59375 3
1.8125 3.4375 14.802734375 3
1.875 3.625 15.0234375 3
1.9375 3.8125 15.255859375 3
2 4 15.5 3
2.0625 4.1953125 15.759765625 3.25
2.125 4.40625 16.0390625 3.5
2.1875 4.6328125 16.337890625 3.75
2.25 4.875 16.65625 4
2.3125 5.1328125 16.994140625 4.25
2.375 5.40625 17.3515625 4.5
2.4375 5.6953125 17.728515625 4.75
2.5 6 18.125 5
2.5625 6.3203125 18.541015625 5.25
2.625 6.65625 18.9765625 5.5
2.6875 7.0078125 19.431640625 5.75
2.75 7.375 19.90625 6
2.8125 7.7578125 20.400390625 6.25
2.875 8.15625 20.9140625 6.5
2.9375 8.5703125 21.447265625 6.75
3 9 22 7
3.0625 9.4375 22.576171875 7
3.125 9.875 23.1796875 7
3.1875 10.3125 23.810546875 7
3.25 10.75 24.46875 7
3.3125 11.1875 25.154296875 7
3.375 11.625 25.8671875 7
3.4375 12.0625 26.607421875 7
3.5 12.5 27.375 7
3.5625 12.9375 28.169921875 7
3.625 13.375 28.9921875 7
3.6875 13.8125 29.841796875 7
3.75 14.25 30.71875 7
3.8125 14.6875 31.623046875 7
3.875 15.125 32.5546875 7
3.9375 15.5625 33.513671875 7
4 16 34.5 7
4.0625 16.50390625 35.517578125 8.125
4.125 17.015625 36.5703125 8.25
4.1875 17.53515625 37.658203125 8.375
4.25 18.0625 38.78125 8.5
4.3125 18.59765625 39.939453125 8.625
4.375 19.140625 41.1328125 8.75
4.4375 19.69140625 42.361328125 8.875
4.5 20.25 43.625 9
4.5625 20.81640625 44.923828125 9.125
4.625 21.390625 46.2578125 9.25
4.6875 21.97265625 47.626953125 9.375
4.75 22.5625 49.03125 9.5
4.8125 23.16015625 50.470703125 9.625
4.875 23.765625 51.9453125 9.75
4.9375 24.37890625 53.455078125 9.875
5 25 55 10
