A1:
Random generated 6 by 4 matrix:

         6          4          8          8 
         3          9         10          9 
         8          1          1          8 
         7          1          5          2 
         5          2          3          9 
         6          5          8          8 


Factorizing matrix A into Q and R:
Q matrix after decomposition:

     0,405      0,125      0,461      0,407 
     0,203      0,862     -0,232     -0,265 
     0,541     -0,328     -0,671     -0,183 
     0,473     -0,273      0,466     -0,527 
     0,338     -0,048     -0,194      0,673 
     0,405      0,239      0,168     0,0248 
R matrix after decomposition:

      14,8       7,16       12,4       16,6 
         0       8,76        9,7       7,07 
         0          0       3,79      -3,24 
         0          0          0        4,6 



It is upper triangular!


Checking that Q^T*Q = 1:

         1          0  -3,05e-16  -3,82e-17 
         0          1  -2,91e-16  -1,31e-16 
 -3,05e-16  -2,91e-16          1  -2,31e-16 
 -3,82e-17  -1,31e-16  -2,31e-16          1 


Checking that Q*R = A:

         6          4          8          8 
         3          9         10          9 
         8          1          1          8 
         7          1          5          2 
         5          2          3          9 
         6          5          8          8 
QR is (approx) equal to A: True 

----------------------------


A2:
Random generated 6 by 4 matrix, A:

         6          4          8          8 
         3          9         10          9 
         8          1          1          8 
         7          1          5          2 
         5          2          3          9 
         6          5          8          8 
$Randomly generated vector b:
         5          3          5          3          7          3          7          5 


$Factorizing A into QR:

     0,393     -0,183     -0,182      0,473    -0,0077      0,696      0,265   -0,00129 
    0,0786      0,171      0,696     -0,415    0,00512      0,315      0,396      0,227 
     0,157      0,802     -0,254     -0,117    -0,0174     0,0738       0,16     -0,472 
     0,236      0,281     -0,203      -0,11        0,6     0,0995      -0,34      0,571 
     0,629     -0,362      0,063      -0,44      0,127    -0,0315      -0,27     -0,432 
     0,236      0,281      0,396       0,32     -0,467     0,0559     -0,615     0,0814 
      0,55     0,0426     -0,116     0,0926     -0,274      -0,55       0,41      0,357 
    0,0786     0,0554      0,449      0,523      0,574     -0,306      0,116     -0,281 

      12,7        6,6       10,2       10,3        7,7       11,9       12,3       11,1 
         0       8,69       8,13        2,2       6,12       2,55       5,65       4,59 
         0          0       8,34       5,16       2,47      0,391       5,26       4,14 
         0          0          0       9,09       3,36       0,71       5,32       5,56 
         0          0          0          0       5,55       6,85      -1,05       3,72 
         0          0          0          0          0       5,12       3,24        3,1 
         0          0          0          0          0          0       1,53       1,85 
         0          0          0          0          0          0          0       4,61 


$Solving the system of equations QPx=b. The solution (x) is:
      1,23      -1,09     -0,379      -1,37       2,13     -0,952       1,75     -0,359 
$Checking that A*x=b.
$A*x equals:
         5          3          5          3          7          3          7          5 
$b equals:
         5          3          5          3          7          3          7          5 
Is A*x approximately equal to b? True
$----------------------------
