-4 0.0183156388887342
-3.875 0.0207543378736998
-3.75 0.0235177458560092
-3.625 0.0266490973363554
-3.5 0.0301973834223186
-3.375 0.034218118311666
-3.25 0.0387742078317221
-3.125 0.0439369336234076
-3 0.0497870683678641
-2.875 0.0564161395037773
-2.75 0.0639278612067076
-2.625 0.0724397570342513
-2.5 0.0820849986238989
-2.375 0.0930144892106636
-2.25 0.105399224561864
-2.125 0.11943296826672
-2 0.135335283236613
-1.875 0.153354966844929
-1.75 0.173773943450445
-1.625 0.196911675204194
-1.5 0.22313016014843
-1.375 0.252839595804746
-1.25 0.28650479686019
-1.125 0.32465246735835
-1 0.367879441171442
-0.875 0.416862019678509
-0.75 0.472366552741015
-0.625 0.535261428518991
-0.5 0.606530659712634
-0.375 0.687289278790972
-0.25 0.778800783071405
-0.125 0.882496902584595
0 1
0.125 1.13314845306683
0.25 1.28402541668774
0.375 1.4549914146182
0.5 1.64872127070013
0.625 1.86824595743222
0.75 2.11700001661267
0.875 2.3988752939671
1 2.71828182845904
1.125 3.08021684891803
1.25 3.49034295746184
1.375 3.95507672292058
1.5 4.48168907033806
1.625 5.07841903718008
1.75 5.75460267600572
1.875 6.52081912033011
2 7.38905609893065
2.125 8.37289748812726
2.25 9.48773583635852
2.375 10.7510131860763
2.5 12.1824939607035
2.625 13.8045741860671
2.75 15.6426318841882
2.875 17.7254241214617
3 20.0855369231876
3.125 22.7598950935267
3.25 25.790339917193
3.375 29.224283781235
3.5 33.1154519586922
3.625 37.5247231596011
3.75 42.5210820000627
3.875 48.1826982910987
4 54.5981500331442
