0 0
0,785398163397448 0,707106781186547
1,5707963267949 1
2,35619449019234 0,707106781186548
3,14159265358979 1,22464679914735E-16
3,92699081698724 -0,707106781186547
4,71238898038469 -1
5,49778714378214 -0,707106781186548
6,28318530717959 -2,44929359829471E-16
0 0
0,785398163397448 1
1,5707963267949 1,22464679914735E-16
2,35619449019234 -1
3,14159265358979 -2,44929359829471E-16
3,92699081698724 1
4,71238898038469 3,67394039744206E-16
5,49778714378214 -1
6,28318530717959 -4,89858719658941E-16
0 0
0,785398163397448 0,707106781186548
1,5707963267949 -1
2,35619449019234 0,707106781186547
3,14159265358979 3,67394039744206E-16
3,92699081698724 -0,707106781186548
4,71238898038469 1
5,49778714378214 -0,707106781186548
6,28318530717959 -7,34788079488412E-16
