0.1 2.25271264138442
0.225 1.39944703801219
0.35 0.934581218103001
0.475 0.623040286731552
0.6 0.39823385013965
0.725 0.231235942593136
0.85 0.10659510950168
0.975 0.0149507954430194
1.1 -0.0498724516096251
1.225 -0.0922078387655307
1.35 -0.115240906395676
1.475 -0.121400188215944
1.6 -0.112591773626341
1.725 -0.0903476815343266
1.85 -0.0559238199960952
1.975 -0.0103670125412705
2.1 0.0454377281946998
2.225 0.11073300523116
2.35 0.184863686054662
2.475 0.267257801575839
2.6 0.357411855619395
2.725 0.454879368948996
2.85 0.559261819094138
2.975 0.670201385811815
3.1 0.787375072924077
3.225 0.910489920849363
3.35 1.03927901421073
3.475 1.17349819759649
3.6 1.31292330064683
3.725 1.4573477970642
3.85 1.6065808133747
3.975 1.76044542480941
4.1 1.91877718441518
4.225 2.0814228710971
4.35 2.2482393600477
4.475 2.41909267661325
4.6 2.5938571461089
4.725 2.77241464889573
4.85 2.95465396167439
4.975 3.1404701729157
5.1 3.32976415812544
5.225 3.52244213190624
5.35 3.7184152051483
5.475 3.91759902834007
5.6 4.11991344960394
5.725 4.32528220984143
5.85 4.53363266662378
5.975 4.74489554352626
6.1 4.95900469785572
6.225 5.17589692975711
6.35 5.39551176605621
6.475 5.61779130404263
6.6 5.84268004734505
6.725 6.07012475928174
6.85 6.30007432786755
6.975 6.53247964134383
7.1 6.76729346903499
7.225 7.00447037210788
7.35 7.24396657896081
7.475 7.48573991162823
7.6 7.72974969637743
7.725 7.97595668476964
7.85 8.22432298014168
7.975 8.47481196905126
8.1 8.72738825308226
8.225 8.98201760610638
8.35 9.23866689218556
8.475 9.49730403090498
8.6 9.75789794366971
8.725 10.0204185075534
8.85 10.284836511936
8.975 10.5511236177222
9.1 10.8192523147606
9.225 11.0891959027578
9.35 11.3609284310483
9.475 11.6344246841715
9.6 11.9096601469292
9.725 12.1866109756419
9.85 12.4652539709558
9.975 12.7455665520965
10.1 13.0275267324758
10.225 13.3111130965631
10.35 13.596304777941
10.475 13.8830814384699
10.6 14.1714232484928
10.725 14.4613108680161
10.85 14.7527254288074
10.975 15.0456485173544
11.1 15.3400621586342
11.225 15.6359488006459
11.35 15.9332912996615
11.475 16.2320729061536
11.6 16.5322772513629
11.725 16.8338883344683
11.85 17.1368905103266
11.975 17.4412684777507
12.1 17.7470072682971
12.225 18.0540922355351
12.35 18.3625090447719
12.475 18.6722436632109
12.6 18.9832823505188
12.725 19.2956116497817
12.85 19.6092183788306
12.975 19.9240896219164
13.1 20.2402127217181
13.225 20.5575752716671
13.35 20.8761651085731
13.475 21.1959703055346
13.6 21.5169791651239
13.725 21.8391802128301
13.85 22.1625621907501
13.975 22.4871140515151
14.1 22.8128249524424
14.225 23.1396842499011
14.35 23.467681493883
14.475 23.796806422769
14.6 24.1270489582824
14.725 24.4583992006206
14.85 24.7908474237581
14.975 25.1243840709119
15.1 25.4589997501643
15.225 25.7946852302344
15.35 26.1314314363937
15.475 26.4692294465181
15.6 26.8080704872726
15.725 27.1479459304209
15.85 27.4888472892569
15.975 27.8307662151516
16.1 28.1736944942121
16.225 28.5176240440467
16.35 28.8625469106331
16.475 29.2084552652856
16.6 29.5553414017159
16.725 29.9031977331867
16.85 30.2520167897514
16.975 30.6017912155788
17.1 30.9525137663588
17.225 31.3041773067863
17.35 31.6567748081193
17.475 32.0102993458108
17.6 32.3647440972092
17.725 32.7201023393261
17.85 33.0763674466696
17.975 33.4335328891383
18.1 33.7915922299774
18.225 34.1505391237914
18.35 34.5103673146132
18.475 34.8710706340276
18.6 35.2326429993462
18.725 35.5950784118335
18.85 35.9583709549809
18.975 36.3225147928276
19.1 36.6875041683282
19.225 37.053333401762
19.35 37.4199968891867
19.475 37.7874891009319
19.6 38.1558045801327
19.725 38.5249379413016
19.85 38.8948838689371
19.975 39.2656371161692
20.1 39.6371925034384
20.225 40.0095449172092
20.35 40.3826893087159
20.475 40.7566206927401
20.6 41.1313341464187
20.725 41.5068248080813
20.85 41.8830878761164
20.975 42.2601186078659
21.1 42.6379123185462
21.225 43.0164643801949
21.35 43.3957702206443
21.475 43.7758253225176
21.6 44.1566252222513
21.725 44.5381655091384
21.85 44.9204418243957
21.975 45.3034498602525
22.1 45.6871853590604
22.225 46.0716441124234
22.35 46.4568219603489
22.475 46.842714790417
22.6 47.2293185369695
22.725 47.6166291803169
22.85 48.0046427459635
22.975 48.3933553038491
23.1 48.7827629676086
23.225 49.1728618938471
23.35 49.5636482814314
23.475 49.9551183707969
23.6 50.3472684432692
23.725 50.7400948204013
23.85 51.1335938633239
23.975 51.5277619721104
24.1 51.9225955851553
24.225 52.3180911785653
24.35 52.7142452655641
24.475 53.1110543959084
24.6 53.5085151553174
24.725 53.9066241649134
24.85 54.3053780806739
24.975 54.7047735928951
25.1 55.1048074256666
25.225 55.5054763363565
25.35 55.9067771151066
25.475 56.3087065843384
25.6 56.7112615982688
25.725 57.1144390424349
25.85 57.5182358332288
25.975 57.9226489174416
26.1 58.327675271816
26.225 58.7333119026074
26.35 59.1395558451547
26.475 59.5464041634579
26.6 59.9538539497647
26.725 60.361902324165
26.85 60.770546434193
26.975 61.1797834544364
27.1 61.5896105861538
27.225 62.0000250568987
27.35 62.4110241201508
27.475 62.8226050549538
27.6 63.2347651655606
27.725 63.6475017810842
27.85 64.0608122551557
27.975 64.4746939655882
28.1 64.8891443140469
28.225 65.304160725725
28.35 65.7197406490258
28.475 66.1358815552503
28.6 66.5525809382903
28.725 66.9698363143271
28.85 67.3876452215353
28.975 67.8060052197923
29.1 68.2249138903925
29.225 68.6443688357665
29.35 69.0643676792052
29.475 69.4849080645891
29.6 69.9059876561215
29.725 70.3276041380671
29.85 70.7497552144945
29.975 71.1724386090231
30.1 71.5956520645748
30.225 72.0193933431294
30.35 72.4436602254839
30.475 72.868450511017
30.6 73.2937620174559
30.725 73.7195925806483
30.85 74.1459400543373
30.975 74.5728023099408
31.1 75.0001772363336
31.225 75.4280627396341
31.35 75.8564567429932
31.475 76.2853571863881
31.6 76.7147620264178
31.725 77.1446692361039
31.85 77.5750768046921
31.975 78.0059827374594
32.1 78.4373850555221
32.225 78.8692817956489
32.35 79.3016710100753
32.475 79.7345507663215
32.6 80.1679191470137
32.725 80.6017742497073
32.85 81.0361141867131
32.975 81.470937084927
33.1 81.9062410856608
33.225 82.3420243444769
33.35 82.7782850310248
33.475 83.2150213288807
33.6 83.6522314353889
33.725 84.0899135615056
33.85 84.5280659316461
33.975 84.9666867835328
34.1 85.4057743680461
34.225 85.8453269490784
34.35 86.2853428033886
34.475 86.7258202204601
34.6 87.1667575023601
34.725 87.6081529636015
34.85 88.0500049310064
34.975 88.4923117435719
35.1 88.9350717523375
35.225 89.3782833202548
35.35 89.8219448220588
35.475 90.2660546441412
35.6 90.7106111844255
35.725 91.1556128522436
35.85 91.6010580682146
35.975 92.0469452641251
36.1 92.4932728828109
36.225 92.9400393780411
36.35 93.3872432144029
36.475 93.8348828671889
36.6 94.282956822285
36.725 94.731463576061
36.85 95.1804016352617
36.975 95.6297695168999
37.1 96.0795657481511
37.225 96.5297888662492
37.35 96.9804374183837
37.475 97.431509961599
37.6 97.8830050626936
37.725 98.3349212981222
37.85 98.7872572538982
37.975 99.2400115254979
38.1 99.6931827177657
38.225 100.14676944482
38.35 100.600770329964
38.475 101.055184005589
38.6 101.51000911309
38.725 101.965244302777
38.85 102.420888233783
38.975 102.876939573981
39.1 103.333396999899
39.225 103.790259196636
39.35 104.247524857778
39.475 104.705192685315
39.6 105.163261389562
39.725 105.621729689081
39.85 106.080596310597
39.975 106.539859988925
40.1 106.999519466891
40.225 107.459573495256
40.35 107.920020832642
40.475 108.380860245457
40.6 108.842090507823
40.725 109.303710401505
40.85 109.765718715834
40.975 110.228114247646
41.1 110.690895801205
41.225 111.154062188136
41.35 111.617612227359
41.475 112.081544745022
41.6 112.545858574432
41.725 113.010552555993
41.85 113.475625537141
41.975 113.941076372277
42.1 114.406903922708
42.225 114.873107056582
42.35 115.339684648829
42.475 115.806635581099
42.6 116.2739587417
42.725 116.741653025542
42.85 117.209717334077
42.975 117.678150575241
43.1 118.146951663396
43.225 118.616119519276
43.35 119.085653069928
43.475 119.555551248657
43.6 120.025812994975
43.725 120.496437254544
43.85 120.967422979121
43.975 121.43876912651
44.1 121.910474660507
44.225 122.382538550846
44.35 122.854959773155
44.475 123.327737308898
44.6 123.800870145331
44.725 124.274357275449
44.85 124.74819769794
44.975 125.222390417134
45.1 125.69693444296
45.225 126.171828790892
45.35 126.647072481911
45.475 127.12266454245
45.6 127.598604004357
45.725 128.074889904844
45.85 128.551521286445
45.975 129.028497196971
46.1 129.505816689469
46.225 129.983478822174
46.35 130.461482658472
46.475 130.939827266855
46.6 131.418511720878
46.725 131.897535099121
46.85 132.376896485148
46.975 132.856594967462
47.1 133.336629639472
47.225 133.816999599448
47.35 134.297703950484
47.475 134.778741800463
47.6 135.26011226201
47.725 135.741814452463
47.85 136.223847493833
47.975 136.706210512762
48.1 137.188902640494
48.225 137.671923012835
48.35 138.155270770117
48.475 138.638945057161
48.6 139.122945023247
48.725 139.607269822075
48.85 140.091918611732
48.975 140.576890554656
49.1 141.062184817606
49.225 141.547800571627
49.35 142.033736992016
49.475 142.51999325829
49.6 143.006568554154
49.725 143.493462067469
49.85 143.980672990221
49.975 144.468200518487
50.1 144.956043852407
50.225 145.444202196153
50.35 145.932674757896
50.475 146.421460749779
50.6 146.910559387885
50.725 147.39996989221
50.85 147.889691486629
50.975 148.379723398873
51.1 148.870064860498
51.225 149.360715106854
51.35 149.851673377061
51.475 150.342938913978
51.6 150.834510964179
51.725 151.326388777922
51.85 151.818571609124
51.975 152.311058715334
52.1 152.803849357708
52.225 153.296942800979
52.35 153.790338313435
52.475 154.284035166892
52.6 154.778032636667
52.725 155.272330001553
52.85 155.766926543799
52.975 156.261821549078
53.1 156.757014306467
53.225 157.252504108422
53.35 157.748290250752
53.475 158.244372032599
53.6 158.74074875641
53.725 159.237419727918
53.85 159.734384256116
53.975 160.231641653233
54.1 160.729191234715
54.225 161.227032319202
54.35 161.7251642285
54.475 162.223586287568
54.6 162.722297824487
54.725 163.221298170447
54.85 163.720586659718
54.975 164.220162629634
55.1 164.720025420568
55.225 165.220174375915
55.35 165.720608842067
55.475 166.221328168398
55.6 166.722331707238
55.725 167.223618813856
55.85 167.72518884644
55.975 168.227041166075
56.1 168.729175136727
56.225 169.231590125221
56.35 169.734285501222
56.475 170.237260637217
56.6 170.740514908495
56.725 171.244047693128
56.85 171.747858371955
56.975 172.25194632856
57.1 172.756310949256
57.225 173.260951623066
57.35 173.765867741708
57.475 174.271058699571
57.6 174.776523893704
57.725 175.282262723794
57.85 175.788274592151
57.975 176.294558903691
58.1 176.801115065918
58.225 177.307942488905
58.35 177.815040585283
58.475 178.322408770221
58.6 178.830046461406
58.725 179.337953079035
58.85 179.846128045791
58.975 180.354570786833
59.1 180.863280729776
59.225 181.372257304676
59.35 181.881499944016
59.475 182.391008082691
59.6 182.900781157989
59.725 183.41081860958
59.85 183.921119879498
59.975 184.431684412127
60.1 184.942511654188
60.225 185.453601054721
60.35 185.964952065072
60.475 186.47656413888
60.6 186.98843673206
60.725 187.500569302792
60.85 188.012961311502
60.975 188.525612220853
61.1 189.038521495729
61.225 189.551688603222
61.35 190.065113012616
61.475 190.578794195376
61.6 191.092731625136
61.725 191.60692477768
61.85 192.121373130935
61.975 192.636076164955
62.1 193.151033361907
62.225 193.66624420606
62.35 194.181708183772
62.475 194.697424783478
62.6 195.213393495675
62.725 195.729613812911
62.85 196.246085229774
62.975 196.762807242876
63.1 197.279779350846
63.225 197.797001054314
63.35 198.314471855899
63.475 198.832191260199
63.6 199.350158773781
63.725 199.868373905164
63.85 200.38683616481
63.975 200.905545065115
64.1 201.424500120393
64.225 201.94370084687
64.35 202.463146762666
64.475 202.98283738779
64.6 203.502772244127
64.725 204.022950855426
64.85 204.543372747289
64.975 205.064037447161
65.1 205.58494448432
65.225 206.106093389866
65.35 206.627483696708
65.475 207.149114939558
65.6 207.670986654916
65.725 208.193098381064
65.85 208.715449658051
65.975 209.238040027688
66.1 209.760869033535
66.225 210.283936220888
66.35 210.807241136778
66.475 211.330783329952
66.6 211.854562350866
66.725 212.37857775168
66.85 212.902829086241
66.975 213.427315910078
67.1 213.952037780392
67.225 214.476994256047
67.35 215.002184897556
67.475 215.527609267081
67.6 216.053266928413
67.725 216.57915744697
67.85 217.105280389788
67.975 217.631635325509
68.1 218.15822182437
68.225 218.685039458202
68.35 219.212087800413
68.475 219.739366425985
68.6 220.266874911462
68.725 220.794612834942
68.85 221.322579776069
68.975 221.850775316027
69.1 222.379199037525
69.225 222.907850524796
69.35 223.436729363583
69.475 223.965835141134
69.6 224.495167446193
69.725 225.024725868993
69.85 225.554510001244
69.975 226.08451943613
70.1 226.614753768299
70.225 227.145212593853
70.35 227.675895510344
70.475 228.206802116763
70.6 228.737932013534
70.725 229.269284802506
70.85 229.800860086947
70.975 230.332657471532
71.1 230.86467656234
71.225 231.396916966843
71.35 231.929378293904
71.475 232.462060153763
71.6 232.994962158033
71.725 233.528083919694
71.85 234.061425053084
71.975 234.594985173891
72.1 235.128763899149
72.225 235.662760847227
72.35 236.196975637827
72.475 236.731407891971
72.6 237.266057232
72.725 237.800923281562
72.85 238.336005665609
72.975 238.871304010389
73.1 239.40681794344
73.225 239.94254709358
73.35 240.478491090904
73.475 241.014649566779
73.6 241.55102215383
73.725 242.087608485943
73.85 242.62440819825
73.975 243.161420927129
74.1 243.698646310196
74.225 244.236083986294
74.35 244.773733595493
74.475 245.311594779084
74.6 245.849667179565
74.725 246.387950440644
74.85 246.926444207228
74.975 247.465148125416
