2 -0.118367940103361 3.21103091150257 8.60596197637851
3 -0.417737392391782 1.09474511324827 3.60325744895536
4 -0.477869091932377 0.417297445375671 1.83481491529387
5 -0.491361845741618 0.141155561323345 1.03958053667451
6 -0.494333917499432 0.0132234666086368 0.626188262915056
7 -0.494950375343914 -0.0506926236510012 0.38984882772545
8 -0.495070533911521 -0.084218096493449 0.24546033036984
9 -0.495092785618729 -0.102373863960001 0.152874753067865
10 -0.495096746302705 -0.112394354813413 0.0913107211467003
11 -0.495097430026166 -0.117968403752662 0.0492265319676735
12 -0.495097545238775 -0.121063907173276 0.0198468722176951
13 -0.495097564277823 -0.122766825606802 -0.000989652877093823
14 -0.495097567373815 -0.123689397580284 -0.0159384269988502
15 -0.495097567870506 -0.124179668515015 -0.0267502351245599
16 -0.495097567949283 -0.124434695095048 -0.0346119986209513
17 -0.495097567961649 -0.124564475511805 -0.0403470114584824
18 -0.495097567963579 -0.124629126079693 -0.044536740180525
19 -0.495097567963874 -0.124660694965531 -0.0475975256564403
20 -0.495097567963918 -0.124675831024628 -0.0498305528518244
21 -0.495097567963926 -0.124682969694339 -0.0514554046387483
22 -0.495097567963927 -0.124686287307853 -0.0526331396684385
23 -0.495097567963928 -0.124687808988967 -0.0534824428248319
24 -0.495097567963928 -0.124688498777147 -0.05409106677558
25 -0.495097567963927 -0.124688808182223 -0.0545240141376822
26 -0.49509756796393 -0.124688945653501 -0.0548294398020369
27 -0.49509756796393 -0.124689006209939 -0.0550429488384268
28 -0.49509756796393 -0.124689032677262 -0.0551907594744681
29 -0.495097567963927 -0.124689044162888 -0.0552920573199944


10 1.72730521088627 13.0466239557574 31.4076466206398
11 1.26365251958847 10.7930926170003 26.4215659933431
12 0.914189474068616 9.04095566982112 22.486747210249
13 0.646002185415783 7.65447404093355 19.3333954425262
14 0.437012711234727 6.54046515071025 16.7714760325733
15 0.272002893031036 5.63335669999598 14.6645070268381
16 0.140232792149337 4.88598754436926 12.9126842445682
17 0.033965185173557 4.26377585715389 11.4418060825752
18 -0.0524759729883117 3.74092297288763 10.1958639360225
19 -0.123322176579545 3.29788307795868 9.13199250329447
20 -0.18177363047152 2.91964030342772 8.21696775017383
21 -0.230281981614994 2.59451277420615 7.42473821447751
22 -0.270747362924371 2.31330781847343 6.73465810143852
23 -0.304658034837459 2.06871566513762 6.13020469924836
24 -0.333190860630535 1.85486793566405 5.59803508823822
25 -0.357284608312968 1.66701182752147 5.12728390073032
26 -0.377694110014496 1.50126670913209 4.70903459112532
27 -0.395030746436823 1.35444021330589 4.33591713542507
28 -0.409793035782616 1.22388782335185 4.00179891196494
29 -0.422389976502082 1.10740461989329 3.70154499565634
30 -0.433159025232555 1.00314106477299 3.43083067981766
31 -0.442380062094518 0.909536930431049 3.18599366464096
32 -0.450286326067208 0.825269055357874 2.96391663853124
33 -0.457073042137964 0.749209726649874 2.76193334014731
34 -0.462904275399034 0.680393297898961 2.57775290286898
35 -0.467918412577142 0.617989238159886 2.40939853920516
36 -0.472232573254498 0.561280239476989 2.25515755114053
37 -0.475946180738828 0.509644330597234 2.11354034479778
38 -0.479143868852497 0.462540183923225 1.98324664830255
39 -0.481897860717697 0.419494983266586 1.86313752605978
40 -0.484269925288394 0.380094357090057 1.75221208355855
41 -0.486312994328678 0.343973986852523 1.64958798804228
42 -0.488072504897025 0.310812580910671 1.554485109228
43 -0.489587518803959 0.280325967120194 1.46621172346198
44 -0.490891659977096 0.252262106195013 1.38415283370111
45 -0.492013902452887 0.226396866278568 1.30776024354607
46 -0.492979235275588 0.202530429490732 1.2365440915205
47 -0.493809225509663 0.180484225267985 1.17006560588724
48 -0.494522496554051 0.1600983045067 1.10793088356748
49 -0.495135135750393 0.141229083905344 1.04978553150927
50 -0.495661042724595 0.123747402297557 0.995310036935886
51 -0.496112227852866 0.107536840799778 0.94421575568055
52 -0.496499068594473 0.0924922667518443 0.896241426361888
53 -0.496830530100978 0.0785185680855913 0.851150133323807
54 -0.497114355430412 0.0655295502121043 0.808726653713426
55 -0.497357229814907 0.053446972006538 0.768775134331747
56 -0.497564922710785 0.0421997011770644 0.731117052376728
57 -0.497742410771354 0.0317229723745252 0.695589421238554
58 -0.497893984395723 0.0219577339540261 0.662043208370983
59 -0.49802334010686 0.0128500714287506 0.630341937159638
60 -0.498133660677527 0.0043506974379722 0.600360448811938
61 -0.498227684646214 -0.00358550045475202 0.571983803743198
62 -0.498307766631241 -0.0109998615605858 0.545106304840544
63 -0.498375929655872 -0.0179303098290053 0.519630627444835
64 -0.498433910531762 -0.0244116730487211 0.495467042973591
65 -0.498483199206379 -0.0304759681989248 0.472532724879012
66 -0.49852507286146 -0.0361526570210089 0.450751127144175
67 -0.498560625444803 -0.0414688753318058 0.430051426808328
68 -0.498590793230526 -0.0464496391334871 0.410368023116975
69 -0.498616376925696 -0.0511180301745243 0.391640086838213
70 -0.498638060774692 -0.0554953632760618 0.373811154102497
71 -0.498656429055571 -0.0596013374433574 0.356828759824452
72 -0.498671980312271 -0.0634541725307417 0.340644106372699
73 -0.498685139622085 -0.067070733011615 0.325211763678257
74 -0.498696269160455 -0.0704666402159873 0.310489397428505
75 -0.498705677290837 -0.0736563742382572 0.29643752238886
76 -0.498713626378532 -0.0766533665745728 0.283019278239619
77 -0.498720339501324 -0.0794700844293446 0.270200225616307
78 -0.498726006207383 -0.0821181075221185 0.25794816030439
79 -0.498730787451362 -0.0846081981342423 0.246232943770058
80 -0.49873481982225 -0.0869503650528858 0.235026348409837
81 -0.498738219161071 -0.0891539219990725 0.224301916080071
82 -0.498741083654326 -0.0912275410633587 0.214034828622621
83 -0.498743496476576 -0.093179301618019 0.204201789241004
84 -0.498745528046109 -0.0950167351257815 0.194780913702649
85 -0.498747237948934 -0.0967468662221021 0.185751630449937
86 -0.49874867657829 -0.0983762504099943 0.177094588798155
87 -0.498749886531027 -0.0999110086722005 0.168791574482118
88 -0.498750903795761 -0.101356859276244 0.160825431888736
89 -0.498751758763408 -0.102719147019975 0.153179992378209
90 -0.498752477085591 -0.10400287014217 0.145840008156974
91 -0.498753080403924 -0.105212705101103 0.138791091217112
92 -0.498753586968711 -0.106353029404537 0.132019656904762
93 -0.498754012163706 -0.107427942657999 0.125512871721572
94 -0.49875436895096 -0.108441285982307 0.119258605001411
95 -0.498754668247598 -0.109396659937401 0.113245384137779
96 -0.498754919244671 -0.110297441077882 0.107462353067667
97 -0.498755129677228 -0.11114679725315 0.101899233744895
98 -0.498755306052429 -0.111947701755659 0.0965462903605507
99 -0.498755453842514 -0.112702946412019 0.0913942960891783
100 -0.498755577647705 -0.113415153701991 0.0864345021602841
101 -0.498755681333894 -0.114086787984884 0.0816586090717394
102 -0.498755768148753 -0.114720165903482 0.0770587397781956
103 -0.498755840819672 -0.115317466032799 0.0726274147014836
104 -0.498755901636415 -0.115880737831614 0.0683575284242926
105 -0.498755952520679 -0.116411909953327 0.0642423279389151
106 -0.498755995084913 -0.11691279796456 0.0602753923347548
107 -0.498756030681474 -0.117385111519022 0.0564506138173995
108 -0.498756060444437 -0.117830461027524 0.0527621799612431
109 -0.498756085324459 -0.118250363863628 0.0492045571055431
110 -0.498756106118285 -0.118646250139786 0.0457724748113111
111 -0.498756123493399 -0.119019468086734 0.0424609113028019
112 -0.498756138008967 -0.119371289066319 0.0392650798238727
113 -0.498756150133215 -0.119702912244618 0.036180415844687
114 -0.498756160258092 -0.120015468951357 0.0332025650592649
115 -0.498756168711736 -0.120310026748117 0.0303273721194595
116 -0.498756175768677 -0.120587593227384 0.0275508700545669
117 -0.498756181658575 -0.120849119561782 0.0248692703299486
118 -0.498756186573589 -0.121095503821911 0.0222789535017813
119 -0.498756190674356 -0.121327594079082 0.0197764604277004
120 -0.498756194095139 -0.121546191308858 0.0173584839967569
121 -0.498756196948252 -0.12175205210966 0.0150218613442693
122 -0.498756199327478 -0.121945891248662 0.0127635665200151
123 -0.4987562013112 -0.122128384048894 0.0105807035803434
124 -0.498756202964936 -0.122300168626641 0.0084705000768696
125 -0.498756204343318 -0.122461847991167 0.00643030091674
126 -0.498756205492025 -0.122613992015466 0.00445756257027887
127 -0.498756206449213 -0.122757139287257 0.00254984760491717
128 -0.498756207246671 -0.122891798847955 0.00070481952462934
129 -0.498756207910937 -0.123018451828078 -0.00107976210433412
130 -0.498756208464213 -0.123137552984854 -0.00280604625837333
131 -0.498756208924956 -0.123249532149702 -0.00447609480919038
132 -0.498756209308594 -0.123354795590691 -0.00609188663933081
133 -0.498756209628012 -0.123453727296447 -0.00765532153485647
134 -0.498756209893873 -0.123546690185513 -0.00916822386852295
135 -0.498756210115166 -0.123634027247154 -0.010632346086219
136 -0.498756210299317 -0.12371606261708 -0.0120493720079613
137 -0.498756210452594 -0.12379310259297 -0.0134209199547767
138 -0.498756210580076 -0.123865436592816 -0.0147485457111429
139 -0.498756210686126 -0.123933338060429 -0.0160337453333851
140 -0.498756210774374 -0.123997065321068 -0.017277957812043
141 -0.498756210847725 -0.124056862389685 -0.0184825675973547
142 -0.498756210908746 -0.124112959735964 -0.01964890699544
143 -0.498756210959492 -0.124165575007426 -0.0207782584423249
144 -0.49875621100168 -0.124214913713728 -0.0218718566634183
145 -0.498756211036737 -0.124261169874776 -0.0229308907240285
146 -0.498756211065885 -0.124304526633714 -0.0239565059779619
147 -0.498756211090102 -0.124345156838045 -0.024949805919144
148 -0.49875621111025 -0.124383223589852 -0.0259118539421701
149 -0.498756211126973 -0.124418880767006 -0.0268436750166807
150 -0.498756211140882 -0.124452273517582 -0.0277462572802383
151 -0.498756211152427 -0.124483538727831 -0.028620553554277
152 -0.49875621116202 -0.124512805466537 -0.0294674827874322
153 -0.498756211169985 -0.124540195405747 -0.0302879314299061
154 -0.498756211176593 -0.124565823220109 -0.0310827547430512
155 -0.498756211182078 -0.124589796965548 -0.0318527780471813
156 -0.498756211186657 -0.124612218437958 -0.0325987979112709
157 -0.498756211190442 -0.124633183514171 -0.0333215832876337
158 -0.498756211193585 -0.12465278247459 -0.0340218765942709
159 -0.498756211196191 -0.124671100309789 -0.0347003947479015
160 -0.498756211198372 -0.124688217010918 -0.035357830150203
161 -0.498756211200174 -0.124704207845264 -0.0359948516295186
162 -0.49875621120165 -0.124719143617611 -0.0366121053407817
163 -0.498756211202905 -0.124733090918082 -0.037210215625417
164 -0.498756211203931 -0.124746112356948 -0.0377897858333722
165 -0.498756211204777 -0.124758266787553 -0.0383513991094135
166 -0.498756211205499 -0.124769609517277 -0.038895619145371
167 -0.49875621120608 -0.124780192507832 -0.0394229908997727
168 -0.498756211206565 -0.124790064564835 -0.0399340412872549
169 -0.49875621120697 -0.124799271517325 -0.040429279838346
170 -0.498756211207296 -0.12480785638821 -0.0409091993318232
171 -0.498756211207577 -0.124815859555288 -0.0413742764005364
172 -0.498756211207791 -0.124823318903873 -0.041824972112332
173 -0.498756211208005 -0.124830269971208 -0.0422617325268832
174 -0.498756211208161 -0.124836746083333 -0.0426849892300746
175 -0.498756211208287 -0.124842778484131 -0.0430951598466141
176 -0.498756211208393 -0.12484839645805 -0.0434926485320252
177 -0.498756211208478 -0.124853627445442 -0.043877846445239
178 -0.498756211208568 -0.124858497152147 -0.0442511322021518
179 -0.498756211208609 -0.124863029652644 -0.0446128723115682
180 -0.498756211208685 -0.124867247488011 -0.0449634215941002
181 -0.49875621120872 -0.12487117175771 -0.045303123584731
182 -0.49875621120875 -0.124874822207135 -0.0456323109199798
183 -0.498756211208792 -0.124878217309309 -0.04595130571008
184 -0.498756211208793 -0.124881374342923 -0.0462604198972384
185 -0.498756211208819 -0.124884309465104 -0.0465599556000272
186 -0.498756211208835 -0.124887037780556 -0.0468502054452908
187 -0.498756211208867 -0.124889573406752 -0.0471314528870788
188 -0.498756211208862 -0.124891929534703 -0.0474039725143226
189 -0.498756211208873 -0.124894118487315 -0.0476680303466392
190 -0.498756211208888 -0.124896151773333 -0.0479238841197473
191 -0.498756211208878 -0.124898040138728 -0.0481717835599405
192 -0.498756211208883 -0.124899793614605 -0.0484119706490597
193 -0.498756211208902 -0.124901421562917 -0.0486446798795859
194 -0.498756211208893 -0.124902932718659 -0.0488701385006691
195 -0.498756211208904 -0.124904335230206 -0.0490885667552533
196 -0.498756211208905 -0.124905636696969 -0.0493001781089488
197 -0.498756211208894 -0.124906844204514 -0.0495051794704071
198 -0.498756211208908 -0.12490796435824 -0.0497037714043892
199 -0.498756211208915 -0.124909003314041 -0.0498961483368026
200 -0.498756211208891 -0.124909966808097 -0.0500824987530693


0.2 0.324721941965927 0.115536677284591 0.0629751641399855
0.4 0.532416633293101 0.186011178017449 0.101039834617949
0.6 0.65471584884447 0.221138925577534 0.119345097540609
0.8 0.715651481053625 0.228987372905233 0.122267503300061
1 0.733367342623825 0.216221260235959 0.113505955377998
1.2 0.721460894881809 0.188314279082321 0.0961678333402814
1.4 0.690032534961035 0.149731472248535 0.0728454501877525
1.6 0.646504415760699 0.104086171412798 0.0456838614565544
1.8 0.596257699083538 0.054274834200834 0.0164408892596522
2 0.543127097219816 0.00259268173993966 -0.0134598011000242
2.2 0.489783486977446 -0.0491673173702551 -0.0428818527681539
2.4 0.438028814017918 -0.0996298644357005 -0.0709349344581378
2.6 0.389022541151601 -0.147765235562305 -0.0969384287956671
2.8 0.343454676370932 -0.1928279607596 -0.120389552191621
3 0.301677304054751 -0.234304798176303 -0.140935434331028
3.2 0.263803980736944 -0.27187072707167 -0.158348709825174
3.4 0.22978425368541 -0.305351831997842 -0.172506243690175
3.6 0.199459087353051 -0.334694111810899 -0.183370634287228
3.8 0.172601634854344 -0.359937358029175 -0.190974182126621
4 0.148946834582899 -0.3811933966382 -0.195405035039092
4.2 0.128212555397233 -0.398628017269808 -0.19679527249222
4.4 0.110114352708858 -0.412446088864747 -0.19531068527709
4.6 0.0943754564306589 -0.422879340529633 -0.19114206157575
4.8 0.0807332554741409 -0.430176444709211 -0.184497786771706
5 0.0689431636339318 -0.434595003489608 -0.175597612159323
5.2 0.0587806694339968 -0.436395182551707 -0.164667427009432
5.4 0.0500420306604561 -0.435834684573101 -0.151934925256448
5.6 0.0425440817791521 -0.433164882066117 -0.137626037960361
5.8 0.0361234405290593 -0.428627883096305 -0.121962044700878
6 0.0306353146232313 -0.422454392107078 -0.105157257445164
6.2 0.0259521161887655 -0.414862210458093 -0.0874172107894166
6.4 0.0219619590667064 -0.406055270070856 -0.0689372812765752
6.6 0.0185671392702418 -0.396223091007874 -0.0499016772676394
6.8 0.0156826681492133 -0.385540581833551 -0.030482739387428
7 0.0132348499209264 -0.37416811687177 -0.0108405060264808
7.2 0.0111599796975495 -0.362251818241038 0.00887749319159804
7.4 0.00940313372331165 -0.349924006888197 0.0285362644927684
7.6 0.00791706842109881 -0.337303768159597 0.0480132198384046
7.8 0.00666124603652749 -0.32449761030175 0.0671979240881521
8 0.00560094056814205 -0.31160017573826 0.0859917385802319
8.2 0.00470646509811143 -0.298694989663075 0.104307388264944
8.4 0.00395248637705817 -0.28585522606896 0.122068469845773
8.6 0.0033174115558732 -0.273144473005363 0.139208907453934
8.8 0.00278287438513144 -0.260617491397674 0.15567238575648
9 0.0023332611407532 -0.248320951386512 0.171411754589903
9.2 0.001955322266586 -0.236294146601071 0.186388433567522
9.4 0.00163782865306544 -0.224569673317647 0.200571799214547
9.6 0.00137126592213106 -0.213174079688227 0.21393859402913
9.8 0.00114759035653809 -0.20212847291523 0.226472329449111
10 0.000959999500203765 -0.191449094429264 0.238162718128511
10.2 0.000802751318286909 -0.181147851317578 0.249005108389848
10.4 0.000671003010073173 -0.171232813470172 0.258999955927463
10.6 0.000560669117604006 -0.161708668041304 0.268152305039936
10.8 0.0004683108261931 -0.152577144746035 0.276471304469491
11 0.000391033147121753 -0.143837396266187 0.283969740256517
11.2 0.000326398198055955 -0.135486354038184 0.290663602586626
11.4 0.000272361451718719 -0.127519044470496 0.296571674588437
11.6 0.00022720051218966 -0.11992888350456 0.30171514788784
11.8 0.000189471779781776 -0.112707931473449 0.306117266998959
12 0.000157962795577772 -0.105847134362873 0.309802997700473
12.2 0.000131656103329999 -0.0993365273591511 0.312798721317974
12.4 0.000109702110233884 -0.0931654278561565 0.315131950189287
12.6 9.13849440081036E-05 -0.0873225971611359 0.316831072812158
12.8 7.61066800369709E-05 -0.0817963912879642 0.317925115460654
13 6.33678791002861E-05 -0.0765748869827804 0.318443529396041
13.2 5.27481597418043E-05 -0.0716459971540636 0.318415995265426
13.4 4.38985080812772E-05 -0.0669975672625457 0.317872249890746
13.6 3.65251346761607E-05 -0.0626174603553349 0.316841928086607
13.8 3.03833059994442E-05 -0.0584936326134721 0.31535442428868
14 2.52694331763616E-05 -0.0546141924222977 0.313438769504872
14.2 2.10111657371225E-05 -0.0509674547324421 0.31112352228807
14.4 1.74680185869827E-05 -0.0475419825960416 0.308436674841459
14.6 1.451970856677E-05 -0.0443266260521545 0.305405570158311
14.8 1.20664234207107E-05 -0.0413105470683723 0.302056833946152
15 1.00252150885115E-05 -0.0384832456654603 0.298416314784977
15.2 8.32839553967624E-06 -0.035834575417831 0.294509037450315
15.4 6.91760726854935E-06 -0.033354756567411 0.290359161342787
15.6 5.74537444126972E-06 -0.0310343840036203 0.285989952527821
15.8 4.77000461133439E-06 -0.028864432598932 0.281423758127354
16 3.96058283553795E-06 -0.0268362584509498 0.276681991738119
16.2 3.2879855300761E-06 -0.0249415980236536 0.271785122698391
16.4 2.72830157505507E-06 -0.0231725650433458 0.266752673451317
16.6 2.26309932860214E-06 -0.0215216440527544 0.261603218325497
16.8 1.87645397600578E-06 -0.0199816853799767 0.256354391220754
17 1.55579432410895E-06 -0.0185458959608468 0.251022893967565
17.2 1.29046108377145E-06 -0.0172078290295973 0.245624508783979
17.4 1.07019312237426E-06 -0.015961376063266 0.240174114404292
17.6 8.8887495730901E-07 -0.0148007543629331 0.234685704756211
17.8 7.37502530458926E-07 -0.0137204961162097 0.229172410307085
18 6.11605211645292E-07 -0.0127154355840911 0.223646519349587
18.2 5.0700035374106E-07 -0.0117807001681266 0.218119505023144
18.4 4.19439340990728E-07 -0.0109116953451955 0.212602047741583
18.6 3.47091086810923E-07 -0.0101040941045638 0.207104064141516
18.8 2.87122715935991E-07 -0.0093538242812989 0.20163473199982
19 2.38177499625521E-07 -0.00865705637284978 0.19620252099194
19.2 1.98717319523449E-07 -0.00801019289836802 0.190815218946093
19.4 1.64766059836256E-07 -0.00740985601116743 0.185479962623635
19.6 1.37019652184688E-07 -0.00685287756238738 0.180203263710478
19.8 1.13279026643881E-07 -0.00633628658566802 0.174991039682602
20 9.31779963555246E-08 -0.00585730014024061 0.169848639542601
20.2 7.67968401369526E-08 -0.00541331141673416 0.164780874316983
20.4 6.29901814125662E-08 -0.00500188191367602 0.159792042572533
20.6 5.22120401216107E-08 -0.00462073199321744 0.154885959889727
20.8 4.29966970828603E-08 -0.00426772936354611 0.15006598181751
21 3.52148721040348E-08 -0.00394088371670709 0.145335033218056
21.2 2.97649053248346E-08 -0.00363833539700306 0.140695630281677
21.4 2.38668462028341E-08 -0.00335835147278213 0.13614990789763
21.6 1.96881177637277E-08 -0.00309931183109842 0.131699639970843
21.8 1.62488996556793E-08 -0.00285971023282323 0.127346265927651
22 1.42988666914024E-08 -0.00263813914251862 0.123090909331958
22.2 1.24858081809161E-08 -0.00243329140693214 0.118934401466498
22.4 1.07069665276517E-08 -0.00224394681099313 0.114877301039717
22.6 9.28073434706916E-09 -0.00206897297734502 0.110919913391482
22.8 8.22280298611945E-09 -0.00190731310779222 0.107062309314024
23 6.58408301824642E-09 -0.00175798699552177 0.103304342158792
23.2 6.04814373013045E-09 -0.00162008134066987 0.0996456669716781
23.4 4.39195927843963E-09 -0.00149274983176715 0.0960857545756003
23.6 4.05320969797323E-09 -0.00137520533348615 0.0926239091608625
23.8 2.79653065878666E-09 -0.00126671736845198 0.0892592808420868
24 2.79172736404414E-09 -0.00116660674826858 0.0859908811876261
24.2 1.4764271355755E-09 -0.00107424452878854 0.0828175949496652
24.4 5.87684672979125E-10 -0.000989046663303503 0.0797381929912736
24.6 -7.88289934006975E-11 -0.000910471685315377 0.0767513454783166
24.8 3.58230933148517E-10 -0.000838018012217364 0.073855631445943
25 2.17077104702128E-10 -0.00077122107572304 0.0710495503793657
25.2 4.0556383548386E-10 -0.00070964926326815 0.0683315289157497
25.4 1.03969385531934E-11 -0.000652903733703053 0.0656999351922255
25.6 1.28742456471873E-09 -0.000600614405564422 0.0631530815679949
25.8 3.39287262651095E-10 -0.000552439392195622 0.0606892377642052
26 4.99060352489604E-10 -0.000508061457745552 0.0583066344528244
26.2 -4.95557910995185E-10 -0.000467188666153198 0.0560034746366193
26.4 -1.07441073240603E-10 -0.00042954926287036 0.0537779344545234
26.6 -2.41384463877541E-10 -0.000394893650440417 0.0516281737890859
26.8 -1.53303500400411E-10 -0.000362988579888998 0.0495523394396809
27 6.2789474816071E-10 -0.000333620751279633 0.0475485715128787
27.2 1.22946763186122E-09 -0.000306591747858865 0.0456150068594776
27.4 7.36293983349587E-10 -0.000281720586781354 0.0437497843707665
27.6 1.52202567606493E-09 -0.000258836733891404 0.0419510491988444
27.8 5.5609030594957E-10 -0.000237785511181321 0.0402169552475211
28 8.01632611293586E-10 -0.000218421203733742 0.0385456689249691
28.2 -1.19087575764135E-09 -0.000200611774988996 0.0369353720708049
28.4 -1.46787552543022E-09 -0.000184233801636745 0.0353842661207382
28.6 -1.10423147109451E-09 -0.000169175421840907 0.0338905717546057
28.8 -1.04768718598779E-09 -0.000155331238020908 0.0324525330804126
29 -4.45647330672998E-10 -0.000142604692685818 0.0310684187445434
29.2 4.87299346182338E-11 -0.000130906771946383 0.0297365245587447
29.4 1.43811606517198E-10 -0.000120155614397641 0.028455172939459
29.6 1.1572087040357E-09 -0.000110276567802982 0.0272227166004438
29.8 -5.20023368343419E-10 -0.000101199386083922 0.0260375387743519
30 -1.43135655732543E-10 -9.28604763049865E-05 0.0248980532925787
30.2 -1.30624166507786E-09 -8.5199860170131E-05 0.0238027057177446
30.4 -6.36986380517899E-10 -7.816405572742E-05 0.0227499745014551
30.6 1.64455386769293E-10 -7.17018222146966E-05 0.0217383718808847
30.8 1.23972133280158E-10 -6.57678942765552E-05 0.0207664424359854
31 1.55027820961766E-10 -6.03190237429194E-05 0.0198327654825508
31.2 2.15365953737146E-10 -5.53162592060766E-05 0.0189359530015762
31.4 -5.10115438269906E-10 -5.07229295618864E-05 0.0180746518269756
31.6 1.31322878969644E-10 -4.65066397739245E-05 0.0172475409809229
31.8 -1.75710301020774E-09 -4.26364050623371E-05 0.0164533348538017
32 -2.11693040010405E-10 -3.90839701287526E-05 0.0156907797109153
32.2 1.28069581997986E-10 -3.58234349132521E-05 0.0149586560761674
32.4 1.02162465569202E-09 -3.2831522180032E-05 0.0142557751673877
32.6 8.37346633771185E-10 -3.00863301363957E-05 0.013580982437177
32.8 3.51531780051358E-10 -2.75676596858994E-05 0.0129331534653431
33 4.52155635726641E-10 -2.52567469689703E-05 0.0123111964213811
33.2 6.5845882650542E-10 -2.31364130976898E-05 0.0117140485059245
33.4 -5.48762094856531E-10 -2.11908779930564E-05 0.0111406779664389
33.6 5.91789809367174E-10 -1.94061633896389E-05 0.0105900810510313
33.8 -2.43572072646523E-10 -1.7768962034729E-05 0.0100612830830831
34 1.00938518925331E-09 -1.62673285543917E-05 0.00955333788627926
34.2 1.65834096633814E-10 -1.4889169050602E-05 0.00906532545599248
34.4 -1.57418052925827E-10 -1.36240437644498E-05 0.00859635257969198
34.6 -2.96016812285632E-10 -1.24632135743098E-05 0.0081455506363299
34.8 -2.94830506112278E-10 -1.13981898068074E-05 0.00771207698366357
35 2.48425106121075E-11 -1.04212716964696E-05 0.00729511112548052
35.2 4.90550628228584E-10 -9.5240538910827E-06 0.00689385706684077
35.4 -3.45084853555167E-10 -8.70065717606229E-06 0.00650753998271509
35.6 2.93538058772013E-10 -7.94323007286671E-06 0.00613540651021809
35.8 -1.24780193072718E-09 -7.24778250572595E-06 0.00577672271276024
36 -1.35468081597706E-09 -6.60818794509439E-06 0.00543077536461149
36.2 -1.58029265239126E-09 -6.02083044181829E-06 0.00509686939550653
36.4 -4.99757223663287E-10 -5.47944143276665E-06 0.00477432715842966
36.6 8.27235288962699E-10 -4.98063654269562E-06 0.00446248667859765
36.8 1.1891406513005E-09 -4.52023897157136E-06 0.00416070284457069
37 1.87880783230275E-09 -4.09550873742562E-06 0.00386834487454078
37.2 2.69242236116664E-09 -3.70291548148554E-06 0.00358479601148066
37.4 1.65360472513144E-09 -3.33912552071533E-06 0.00330945249144241
37.6 4.64769808612701E-10 -3.00178510876365E-06 0.00304172281215485
37.8 -1.11999802455124E-09 -2.68779750739768E-06 0.00278102513769545
38 -3.518071394241E-10 -2.39512736409397E-06 0.00252678687442817
38.2 5.45452949625192E-12 -2.12099336984908E-06 0.00227844619964618
38.4 -4.51208518973638E-10 -1.86400797066821E-06 0.0020354491574562
38.6 -3.6439944817841E-10 -1.62109994402725E-06 0.00179724826767854
38.8 -5.47942676008526E-11 -1.3911145138221E-06 0.00156330074884593
39 1.57618333682733E-10 -1.17252699831447E-06 0.00133307069013908
39.2 -6.7936065876168E-10 -9.63659787529975E-07 0.00110602376794355
39.4 -1.42884412758979E-09 -7.6193363546706E-07 0.000881629572035987
39.6 -9.45518621492896E-10 -5.65804295607693E-07 0.000659358682946477
39.8 -9.53382080703377E-10 -3.74333658129607E-07 0.000438683898047706
40 -4.94586860348448E-10 -1.86243121247825E-07 0.000219074865798105


0 0 0 0
0.0625 0.117426632851684 0.0414958851018309 0.0225854127273954
0.125 0.220624225646149 0.077843595357496 0.042356685472009
0.1875 0.31088591931765 0.10940046958184 0.0594983136856839
0.25 0.389400391535702 0.13650427529237 0.0741859630956249
0.3125 0.457259768091651 0.159474150315168 0.0865868219121359
0.375 0.515466959093229 0.178611502651501 0.0968599405506109
0.4375 0.564942460624406 0.194200870353712 0.10515655927538
0.5 0.606530659712633 0.206510743088694 0.111620424160486
0.5625 0.641005677822288 0.215794346999684 0.116388091750318
0.625 0.669076785648738 0.222290394412209 0.119589222791227
0.6875 0.691393419710044 0.226223799867626 0.121346865393795
0.75 0.708549829111522 0.227806363907769 0.121777727974329
0.8125 0.721089378881755 0.227237425976591 0.120992442313333
0.875 0.72950853443739 0.224704487749349 0.11909581705829
0.9375 0.734260550018998 0.220383808146731 0.116187081987874
1 0.735758882342885 0.214440971240177 0.112360123344896
1.0625 0.734380349226071 0.207031428205618 0.107703710535684
1.125 0.730468051556287 0.198301014435659 0.102301714484349
1.1875 0.724334075688766 0.188386442874957 0.0962333179213474
1.25 0.716261992150475 0.17741577460002 0.0895732178770249
1.3125 0.706509165414108 0.165508867622852 0.0823918206423452
1.375 0.695308888463053 0.152777804857728 0.0747554294507717
1.4375 0.682872354899442 0.139327302151815 0.0667264251272894
1.5 0.669390480445289 0.125255097243332 0.0583634399428084
1.5625 0.655035584847181 0.110652320475342 0.0497215249046745
1.625 0.639962944413631 0.0956038480591658 0.0408523107067226
1.6875 0.624312224687152 0.0801886386485512 0.0318041625552386
1.75 0.608208802076558 0.0644800539542673 0.0226223290803337
1.8125 0.591764982645599 0.0485461640985484 0.013349085535582
1.875 0.575081125668482 0.0324500383797624 0.00402387148232114
1.9375 0.558246679018131 0.0162500220898109 -0.00531657685124902
2 0.541341132946451 0 -0.0146380993521002
2.0625 0.524434898344647 -0.0162503528945744 -0.0239089897673625
2.125 0.507590115133558 -0.0324553328067437 -0.0330998782397955
2.1875 0.490861396026504 -0.0485729802233834 -0.0421836184668098
2.25 0.47429651052839 -0.0645648640869469 -0.0511351793214751
2.3125 0.457937013682697 -0.0803958765952476 -0.0599315407791575
2.375 0.441818823750652 -0.0960340381432531 -0.0685515939984785
2.4375 0.425972752702674 -0.111450311950741 -0.0769760454101782
2.5 0.410424993119494 -0.126618427938947 -0.0851873246722159
2.5625 0.395197564837623 -0.141514715437835 -0.0931694963540396
2.625 0.38030872442982 -0.156117944323364 -0.100908175217415
2.6875 0.36577334038443 -0.170409174201154 -0.108390444965529
2.75 0.351603236636892 -0.184371611269315 -0.115604780336283
2.8125 0.337807506911107 -0.197990472508828 -0.122540972419729
2.875 0.32439280214672 -0.211252856864972 -0.12919005708357
2.9375 0.311363593119715 -0.224147623097642 -0.135544246394449
3 0.298722410207184 -0.236665273992293 -0.141596862926441
3.0625 0.286470062101749 -0.24879784663648 -0.147342276851757
3.125 0.274605835146296 -0.260538808479715 -0.152775845712158
3.1875 0.263127674834459 -0.271882958906528 -0.157893856772901
3.25 0.252032350906193 -0.282826336064367 -0.162693471864354
3.3125 0.241315607360038 -0.293366128699154 -0.167172674619538
3.375 0.230972298603746 -0.303500592762087 -0.17133022001893
3.4375 0.220996512872273 -0.3132289725616 -0.175165586156833
3.5 0.211381683956229 -0.322551426244261 -0.178678928146489
3.5625 0.202120692204206 -0.331468955397878 -0.181871034083894
3.625 0.193205955688577 -0.339983338579172 -0.184743282992971
3.6875 0.184629512355956 -0.348097068577067 -0.18729760467738
3.75 0.176383093920068 -0.355813293231004 -0.189536441406755
3.8125 0.168458192196101 -0.363135759631686 -0.191462711367634
3.875 0.160846118521173 -0.370068761539304 -0.193079773811702
3.9375 0.153538056855209 -0.376617089861664 -0.194391395836275
4 0.146525111109873 -0.382785986041644 -0.195401720734172
4.0625 0.139798347210043 -0.388581098210159 -0.196115237852301
4.125 0.133348830352368 -0.394008439967276 -0.196536753900332
4.1875 0.127167657888518 -0.399074351660286 -0.196671365652891
4.25 0.121245988226494 -0.403785464033474 -0.196524433990636
4.3125 0.11557506611184 -0.408148664130002 -0.196101559227498
4.375 0.110146244621297 -0.412171063331731 -0.19540855767317
4.4375 0.104951004174482 -0.415859967428045 -0.194451439381738
4.5 0.0999809688441808 -0.419222848609676 -0.19323638703903
4.5625 0.0952279202228174 -0.422267319288319 -0.19176973594296
4.625 0.0906838090813519 -0.425001107647399 -0.190057955032714
4.6875 0.0863407650372013 -0.427432034833688 -0.188107628924214
4.75 0.082191104429646 -0.429567993703681 -0.185925440910786
4.8125 0.0782273365844375 -0.431416929042611 -0.183518156889419
4.875 0.0744421686338846 -0.432986819177844 -0.180892610174416
4.9375 0.0708285090444609 -0.434285658912023 -0.178055687161596
5 0.0673794699908547 -0.435321443704854 -0.175014313807537
5.0625 0.0640883687032932 -0.436102155035777 -0.171775442889622
5.125 0.060948727903839 -0.436635746882959 -0.168346042013872
5.1875 0.0579542754371053 -0.436930133257129 -0.164733082338773
5.25 0.0550989431914045 -0.436993176731689 -0.160943527984434
5.3125 0.0523768653976662 -0.436832677913348 -0.156984326097539
5.375 0.0497823763854824 -0.436456365800207 -0.15286239754365
5.4375 0.0473100078683079 -0.435871888976782 -0.14858462819943
5.5 0.0449544858231047 -0.435086807597898 -0.144157860818403
5.5625 0.0427107270235411 -0.434108586115733 -0.139588887444825
5.625 0.040573835280177 -0.432944586706525 -0.134884442351169
5.6875 0.0385390974358698 -0.43160206335559 -0.130051195475684
5.75 0.0366019791598612 -0.430088156561347 -0.12509574633731
5.8125 0.0347581205796393 -0.428409888620982 -0.120024618406153
5.875 0.0330033317856748 -0.426574159462272 -0.114844253908466
5.9375 0.0313335882404666 -0.424587742987831 -0.109561009045969
6 0.0297450261199963 -0.422457283899778 -0.104181149610017
6.0625 0.0282339376126323 -0.420189294974419 -0.0987108469719508
6.125 0.0267967661977403 -0.417790154758098 -0.0931561744316253
6.1875 0.0254301019237171 -0.415266105656844 -0.0875231039068241
6.25 0.0241306767028464 -0.41262325239385 -0.0818175029469489
6.3125 0.0228953596382745 -0.409867560810178 -0.0760451320549971
6.375 0.0217211523964828 -0.407004856985333 -0.0702116423024805
6.4375 0.0206051846368988 -0.404040826655625 -0.064322573222536
6.5 0.0195447095087084 -0.400981014909352 -0.0583833509670616
6.5625 0.0185370992235041 -0.397830826138994 -0.0523992867142696
6.625 0.0175798407111076 -0.394595524231627 -0.0463755753135988
6.6875 0.0166705313647437 -0.39128023297983 -0.0403172941554424
6.75 0.0158068748806809 -0.387889936696263 -0.0342294022536582
6.8125 0.014986677196514 -0.384429481016054 -0.0281167395293146
6.875 0.014207842531405 -0.380903573872001 -0.0219840262845963
6.9375 0.0134683695308387 -0.37731678662841 -0.0158358628562416
7 0.0127663475177632 -0.373673555360204 -0.0096767294383341
7.0625 0.0120999528513764 -0.369978182264678 -0.00351098606467768
7.125 0.0114674453942757 -0.366234837194014 0.00265712725859885
7.1875 0.0108671650882064 -0.362447559297325 0.00882349027917035
7.25 0.010297528638217 -0.358620258761679 0.0149841020919651
7.3125 0.00975702630465616 -0.354756718642149 0.0211350806081537
7.375 0.00924421880211475 -0.350860596771542 0.0272726619075502
7.4375 0.00875773430412959 -0.346935427741004 0.0333931994819501
7.5 0.0082962655522175 -0.342984624943246 0.0394931633766151
7.5625 0.00785856706759193 -0.339011482670626 0.0455691392367885
7.625 0.00744345246373208 -0.335019178260815 0.0516178272658289
7.6875 0.00704979185781894 -0.331010774283231 0.057636041101256
7.75 0.00667650937892316 -0.326989220759838 0.0636207066147223
7.8125 0.00632258077072288 -0.322957357414358 0.069568860641646
7.875 0.00598703108644405 -0.31891791594429 0.0754776496459972
7.9375 0.00566893247364793 -0.314873522310526 0.0813443283254561
8 0.00536740204644019 -0.310826699039711 0.087166258161935
8.0625 0.00508159984263987 -0.306779867534802 0.0929409059222249
8.125 0.0048107268634239 -0.302735350389608 0.0986658421132901
8.1875 0.00455402319295217 -0.298695373703418 0.104338739396533
8.25 0.00431076619547751 -0.294662069392045 0.109957370965137
8.3125 0.00408026878745395 -0.290637477491957 0.115519608888398
8.375 0.0038618777821734 -0.286623548454355 0.121023422426759
8.4375 0.00365497230448493 -0.282622145426339 0.126466876321098
8.5 0.00345896227318095 -0.278635046516508 0.1318481290596
8.5625 0.00327328694866992 -0.274663947042571 0.137165431125431
8.625 0.00309741354359562 -0.270710461758723 0.142417123228216
8.6875 0.00293083589410641 -0.266776127060763 0.1476016345222
8.75 0.00277307318952565 -0.262862403167087 0.152717480813806
8.8125 0.00262366875822378 -0.258970676273869 0.157763262761159
8.875 0.00248218890754529 -0.255102260682893 0.162737664068017
8.9375 0.00234822181569706 -0.251258400900675 0.167639449674399
9 0.00222137647356023 -0.247440273707624 0.172467463946091
9.0625 0.0021012816744438 -0.243648990196143 0.177220628865072
9.125 0.00198758504985496 -0.2398855977767 0.181897942222796
9.1875 0.00187995214941862 -0.236151082151003 0.186498475818149
9.25 0.0017780655631358 -0.232446369251532 0.19102137366179
9.3125 0.00168162408422795 -0.228772327146793 0.195465850188474
9.375 0.0015903419108713 -0.225129767911733 0.199831188478891
9.4375 0.00150394788518166 -0.221519449462877 0.204116738492394
9.5 0.00142218476786631 -0.217942077357804 0.20832191531198
9.5625 0.00134480854701446 -0.21439830655868 0.212446197402718
9.625 0.00127158777955218 -0.210888743159632 0.216489124884808
9.6875 0.00120230296394105 -0.207413946077818 0.22045029782232
9.75 0.00113674594275194 -0.203974428708103 0.224329374528618
9.8125 0.00107471933379653 -0.200570660541339 0.228126069889384
9.875 0.00101603598854912 -0.197203068746267 0.231840153704103
9.9375 0.000960518476640075 -0.193872039715132 0.235471449046785
10 0.000907998595249697 -0.190577920573155 0.239019830646652
10.0625 0.000858316902277563 -0.187321020652038 0.242485223289446
10.125 0.000811322272207259 -0.184101612927709 0.245867600239967
10.1875 0.000766871473630065 -0.180919935422595 0.249166981686385
10.25 0.000724828767433405 -0.17777619257268 0.252383433206821
10.3125 0.000685065524700845 -0.174670556559714 0.255517064258646
10.375 0.000647459863410094 -0.171603168608882 0.258568026690891
10.4375 0.000611896303053756 -0.168574140252362 0.26153651328012
10.5 0.00057826543634469 -0.165583554559132 0.264422756290085
10.5625 0.000546463617203568 -0.162631467331485 0.267227026055416
10.625 0.000516392664260751 -0.159717908268684 0.269949629589578
10.6875 0.000487959579137883 -0.156842882098226 0.272590909217302
10.75 0.000461076278806667 -0.154006369675181 0.275151241231621
10.8125 0.000435659341353158 -0.151208329050127 0.277631034575659
10.875 0.000411629764505628 -0.148448696506158 0.280030729549242
10.9375 0.000388912736312637 -0.145727387565494 0.282350796540411
11 0.000367437417385405 -0.143044297966223 0.284591734781862
11.0625 0.000347136734144991 -0.140399304609697 0.286754071132317
11.125 0.000327947182540124 -0.137792266479125 0.288838358882806
11.1875 0.000309808641725849 -0.135223025529912 0.290845176587835
11.25 0.000292664197216521 -0.132691407552286 0.292775126921345
11.3125 0.000276459973049036 -0.130197223006767 0.294628835557399
11.375 0.000261144972513665 -0.127740267833028 0.296406950075483
11.4375 0.000246670927030411 -0.125320324232711 0.298110138890294
11.5 0.000232992152768506 -0.122937161426736 0.299739090205875
11.5625 0.000220065414625527 -0.120590536387673 0.301294510993936
11.625 0.000207849797200645 -0.11828019454772 0.302777125996184
11.6875 0.000196306582413812 -0.116005870482835 0.304187676750483
11.75 0.000185399133439205 -0.113767288573576 0.305526920640628
11.8125 0.000175092784637019 -0.111564163643187 0.306795629969529
11.875 0.000165354737182839 -0.109396201573471 0.307994591055573
11.9375 0.000156153960108214 -0.107263099898988 0.309124603351924
12 0.000147461096479877 -0.105164548380102 0.310186478588526
12.0625 0.000139248374458172 -0.103100229555405 0.311181039936538
12.125 0.000131489522987878 -0.101069819274044 0.312109121194943
12.1875 0.000124159691886575 -0.0990729872084528 0.312971565999064
12.25 0.000117235376107161 -0.0971093973479998 0.313769227050693
12.3125 0.000110694343962075 -0.0951787084740569 0.314502965369567
12.375 0.000104515569107174 -0.0932805746169755 0.315173649565877
12.4375 9.86791660931619E-05 -0.0914146454954598 0.315782155133537
12.5 9.31663293019668E-05 -0.0895805669388152 0.316329363763887
12.5625 8.79592750944527E-05 -0.0877779812925433 0.316816162679548
12.625 8.30411870045037E-05 -0.0860065278077462 0.317243443988104
12.6875 7.8396163822694E-05 -0.084265843014797 0.317612104055305
12.75 7.40091704205853E-05 -0.0825555610817244 0.317923042897474
12.8125 6.98659911741311E-05 -0.0808753141577505 0.318177163592811
12.875 6.59531858517575E-05 -0.0792247327024139 0.31837537171125
12.9375 6.22580478394385E-05 -0.0776034458007022 0.318518574762591
13 5.87685645815074E-05 -0.0760110814646091 0.318607681662538
13.0625 5.54733801220629E-05 -0.0744472669215239 0.318643602216354
13.125 5.23617596376435E-05 -0.0729116288898511 0.318627246619812
13.1875 4.9423555857385E-05 -0.0714037938422527 0.318559524977088
13.25 4.66491772721385E-05 -0.069923388256895 0.31844134683532
13.3125 4.40295580390378E-05 -0.068470038857074 0.318273620735468
13.375 4.15561294927704E-05 -0.0670433728395868 0.31805725377919
13.4375 3.92207931793342E-05 -0.0656430180922056 0.317793151211393
13.5 3.70158953323703E-05 -0.0642686034006062 0.31748221601815
13.5625 3.49342027162565E-05 -0.0629197586450915 0.317125348539666
13.625 3.29688797640384E-05 -0.061596114987445 0.316723446097975
13.6875 3.11134669419703E-05 -0.0602973050482402 0.316277402639065
13.75 2.93618602759565E-05 -0.0590229630749243 0.31578810838911
13.8125 2.77082919785183E-05 -0.0577727251009877 0.315256449524502
13.875 2.61473121180865E-05 -0.0565462290965202 0.314683307855391
13.9375 2.46737712754312E-05 -0.0553431151104521 0.314069560522413
14 2.32828041348999E-05 -0.0541630254047666 0.313416079706312
14.0625 2.19698139608564E-05 -0.0530056045809639 0.312723732350171
14.125 2.07304579122877E-05 -0.0518704996990524 0.311993379893933
14.1875 1.95606331510006E-05 -0.0507573603893304 0.311225878020945
14.25 1.84564637011503E-05 -0.0496658389572203 0.310422076416227
14.3125 1.74142880200551E-05 -0.0485955904814058 0.309582818536182
14.375 1.64306472423418E-05 -0.0475462729055188 0.30870894138946
14.4375 1.55022740614576E-05 -0.0465175471236135 0.307801275328718
14.5 1.46260822144688E-05 -0.0455090770596618 0.306860643852976
14.5625 1.37991565378578E-05 -0.0445205297412932 0.305887863420323
14.625 1.30187435637268E-05 -0.0435515753680017 0.304883743270689
14.6875 1.22822426274282E-05 -0.04260188737403 0.303849085258431
14.75 1.15871974591691E-05 -0.0416711424861405 0.302784683694465
14.8125 1.09312882335872E-05 -0.0407590207764716 0.301691325197701
14.875 1.03123240526693E-05 -0.039865205710678 0.300569788555514
14.9375 9.72823583868622E-06 -0.0389893841915406 0.299420844593021
15 9.17706961505477E-06 -0.0381312465982328 0.298245256050903
15.0625 8.65698015420914E-06 -0.0372904868214202 0.297043777471548
15.125 8.16622497267312E-06 -0.036466802294367 0.295817155093269
15.1875 7.70315865457962E-06 -0.0356598940202164 0.294566126752367
15.25 7.26622748588054E-06 -0.0348694665956084 0.293291421792818
15.3125 6.85396438243678E-06 -0.0340952282307911 0.29199376098335
15.375 6.46498409607418E-06 -0.0333368907663794 0.290673856441698
15.4375 6.09797868354131E-06 -0.032594169686908 0.289332411565819
15.5 5.75171322410953E-06 -0.031866784131322 0.287970120971853
15.5625 5.42502177231892E-06 -0.0311544569005437 0.286587670438622
15.625 5.11680353309629E-06 -0.0304569144622489 0.285185736858469
15.6875 4.82601924715616E-06 -0.0297738869529836 0.283764988194228
15.75 4.55168777524412E-06 -0.0291051081777449 0.282326083442139
15.8125 4.29288287039652E-06 -0.0284503156071481 0.280869672600498
15.875 4.04873012797229E-06 -0.0278092503722977 0.279396396643878
15.9375 3.81840410376389E-06 -0.0271816572574742 0.277906887502715
16 3.60112559101629E-06 -0.0265672846907469 0.276401768048091
16.0625 3.39615904767726E-06 -0.0259658847326179 0.274881652081527
16.125 3.20281016567039E-06 -0.0253772130628004 0.27334714432962
16.1875 3.02042357442528E-06 -0.0248010289652275 0.271798840443354
16.25 2.84838067131918E-06 -0.0242370953113887 0.270237327001912
16.3125 2.68609757208151E-06 -0.0236851785420843 0.268663181520834
16.375 2.53302317458886E-06 -0.0231450486476868 0.267076972464355
16.4375 2.38863732983414E-06 -0.022616479146994 0.265479259261778
16.5 2.25244911419051E-06 -0.0220992470647562 0.263870592327716
16.5625 2.12399519740985E-06 -0.0215931329079559 0.262251513086067
16.625 2.00283830109725E-06 -0.0210979206409177 0.260622553997569
16.6875 1.88856574268908E-06 -0.0206133976593194 0.258984238590799
16.75 1.78078806023218E-06 -0.0201393547631775 0.257337081496474
16.8125 1.67913771351828E-06 -0.0196755861288723 0.255681588484916
16.875 1.58326785736912E-06 -0.0192218892802805 0.254018256506556
16.9375 1.49285118309764E-06 -0.0187780650590759 0.252347573735351
17 1.40757882438696E-06 -0.0183439175942601 0.250670019614971
17.0625 1.32715932403407E-06 -0.0179192542709804 0.248986064907654
17.125 1.25131765819946E-06 -0.0175038856986903 0.247296171745603
17.1875 1.17979431498715E-06 -0.0170976256787074 0.245600793684795
17.25 1.11234442435357E-06 -0.0167002911712183 0.243900375761118
17.3125 1.04873693650789E-06 -0.0163117022617806 0.242195354548695
17.375 9.88753846121732E-07 -0.0159316821273695 0.240486158220305
17.4375 9.32189459813366E-07 -0.0155600570020133 0.238773206609793
17.5 8.78849704510394E-07 -0.0151966561420615 0.237056911276369
17.5625 8.28551474426351E-07 -0.0148413117911275 0.23533767557069
17.625 7.81122014511151E-07 -0.0144938591447447 0.23361589470263
17.6875 7.3639833835275E-07 -0.0141541363147743 0.231891955810661
17.75 6.94226678618693E-07 -0.0138219842936015 0.230166238032721
17.8125 6.5446196823128E-07 -0.0134972469181539 0.228439112578514
17.875 6.16967350569578E-07 -0.013179770833776 0.226710942803137
17.9375 5.81613717085442E-07 -0.0128694054579914 0.224982084281951
18 5.48279270809655E-07 -0.0125660029441816 0.22325288488662
18.0625 5.16849114308258E-07 -0.0122694181452122 0.221523684862243
18.125 4.87214860728645E-07 -0.0119795085770318 0.219794816905489
18.1875 4.59274266650045E-07 -0.0116961343822712 0.218066606243672
18.25 4.3293088552405E-07 -0.0114191582938668 0.216339370714692
18.3125 4.08093740557919E-07 -0.0111484455987318 0.21461342084777
18.375 3.84677015956866E-07 -0.0108838641014986 0.212889059944907
18.4375 3.62599765501451E-07 -0.0106252840883516 0.21116658416301
18.5 3.41785637492912E-07 -0.0103725782909727 0.209446282596607
18.5625 3.22162615152815E-07 -0.0101256218506176 0.207728437361115
18.625 3.03662771614014E-07 -0.00988429228233994 0.206013323676563
18.6875 2.86222038687787E-07 -0.00964846943938293 0.204301209951753
18.75 2.69779988637202E-07 -0.00941803547775148 0.202592357868773
18.8125 2.54279628229497E-07 -0.00919287482098249 0.200887022467825
18.875 2.39667204380649E-07 -0.00897287412512629 0.199185452232312
18.9375 2.25892020743444E-07 -0.0087579222439531 0.197487889174125
19 2.12906264626416E-07 -0.00854791019439712 0.195794568919099
19.0625 2.00664843665091E-07 -0.00834273112225004 0.194105720792568
19.125 1.89125231699153E-07 -0.00814228026811519 0.192421567905005
19.1875 1.78247323339554E-07 -0.00794645493363254 0.190742327237664
19.25 1.67993296738333E-07 -0.0077551544479844 0.189068209728221
19.3125 1.58327484101029E-07 -0.00756828013469066 0.187399420356345
19.375 1.49216249507245E-07 -0.00738573527870206 0.185736158229174
19.4375 1.40627873629112E-07 -0.00720742509379916 0.184078616666657
19.5 1.32532444960308E-07 -0.00703325669030419 0.182426983286721
19.5625 1.24901757189893E-07 -0.0068631390431123 0.180781440090234
19.625 1.17709212375649E-07 -0.00669698296004837 0.179142163545727
19.6875 1.10929729590888E-07 -0.00653470105055472 0.177509324673844
19.75 1.0453965873691E-07 -0.00637620769471486 0.17588308913149
19.8125 9.85166992305274E-08 -0.00622141901261773 0.174263617295649
19.875 9.28398232922737E-08 -0.00607025283406657 0.17265106434684
19.9375 8.74892035763147E-08 -0.00592262866863597 0.171045580352184
20 8.24461448975423E-08 -0.00577846767608028 0.169447310348063
20.0625 7.76930198250369E-08 -0.00563769263709638 0.16785639442234
20.125 7.32132079240101E-08 -0.00550022792444293 0.166272967796116
20.1875 6.89910384405497E-08 -0.00536599947441843 0.164697160905008
20.25 6.50117362350173E-08 -0.00523493475869956 0.163129099479915
20.3125 6.12613707808389E-08 -0.00510696275654138 0.161568904627269
20.375 5.77268080557102E-08 -0.00498201392734025 0.160016692908731
20.4375 5.4395665161944E-08 -0.00486002018356032 0.158472576420335
20.5 5.12562675218564E-08 -0.00474091486402404 0.156936662871039
20.5625 4.82976085027437E-08 -0.00462463270756678 0.155409055660694
20.625 4.55093113341716E-08 -0.00451110982705563 0.153889853957385
20.6875 4.28815931880176E-08 -0.0044002836837719 0.152379152774159
20.75 4.04052312989897E-08 -0.00429209306215681 0.150877043045099
20.8125 3.80715310102234E-08 -0.00418647804491965 0.149383611700754
20.875 3.58722956350519E-08 -0.00408337998850723 0.147898941742899
20.9375 3.37997980321736E-08 -0.00398274149893364 0.14642311231861
21 3.184675379723E-08 -0.00388450640796872 0.144956198793662
21.0625 3.00062959792669E-08 -0.00378861974968377 0.143498272825218
21.125 2.8271951235712E-08 -0.00369502773735282 0.142049402433814
21.1875 2.66376173443672E-08 -0.00360367774070731 0.140609652074626
21.25 2.50975419955122E-08 -0.00351451826354249 0.139179082708011
21.3125 2.36463027915501E-08 -0.00342749892167298 0.137757751869316
21.375 2.22787883857235E-08 -0.00334257042123539 0.136345713737947
21.4375 2.09901806952912E-08 -0.00325968453733552 0.134943019205693
21.5 1.9775938128205E-08 -0.00317879409303742 0.133549715944298
21.5625 1.86317797657682E-08 -0.00309985293869185 0.132165848472276
21.625 1.75536704470074E-08 -0.00302281593160119 0.130791458220966
21.6875 1.65378067035544E-08 -0.00294763891601794 0.129426583599825
21.75 1.55806034967318E-08 -0.00287427870347399 0.128071260060945
21.8125 1.46786817112649E-08 -0.00280269305343742 0.126725520162809
21.875 1.38288563626224E-08 -0.00273284065429378 0.125389393633262
21.9375 1.30281254774211E-08 -0.00266468110464878 0.124062907431719
22 1.22736596086233E-08 -0.00259817489494891 0.122746085810579
22.0625 1.15627919494261E-08 -0.00253328338941686 0.12143895037588
22.125 1.08930090117831E-08 -0.0024699688082983 0.120141520147158
22.1875 1.02619418374292E-08 -0.00240819421041661 0.118853811616534
22.25 9.66735771110163E-09 -0.00234792347603209 0.117575838807023
22.3125 9.10715234736434E-09 -0.00228912129000223 0.116307613330055
22.375 8.57934252406845E-09 -0.00223175312523939 0.115049144442229
22.4375 8.08205913700702E-09 -0.00217578522646246 0.11380043910128
22.5 7.61354065176809E-09 -0.00212118459423877 0.112561502021273
22.5625 7.17212693015051E-09 -0.00206791896931281 0.111332335727025
22.625 6.75625340979217E-09 -0.00201595681721799 0.11011294060775
22.6875 6.36444561687231E-09 -0.0019652673131679 0.10890331496994
22.75 5.99531399289344E-09 -0.00191582032722332 0.107703455089469
22.8125 5.64754901762711E-09 -0.00186758640973145 0.106513355262944
22.875 5.31991661132609E-09 -0.00182053677703359 0.105333007858284
22.9375 5.01125380026567E-09 -0.0017746432974376 0.104162403364548
23 4.72046463058287E-09 -0.00172987847745156 0.103001530441002
23.0625 4.44651631623734E-09 -0.00168621544827487 0.101850375965444
23.125 4.1884356077237E-09 -0.00164362795254321 0.100708925081771
23.1875 3.94530536892617E-09 -0.00160209033132365 0.0995771612468138
23.25 3.71626135022358E-09 -0.00156157751135626 0.0984550662764248
23.3125 3.50048914663003E-09 -0.00152206499253867 0.0973426203908396
23.375 3.29722133039493E-09 -0.00148352883564987 0.0962398022593046
23.4375 3.10573474808847E-09 -0.00144594565030971 0.0951465890439834
23.5 2.92534797276666E-09 -0.00140929258317044 0.0940629564431427
23.5625 2.75541890234642E-09 -0.00137354730633691 0.0929888787336257
23.625 2.59534249582609E-09 -0.00133868800601158 0.0919243288126177
23.6875 2.44454863946415E-09 -0.00130469337136112 0.0908692782387072
23.75 2.30250013547837E-09 -0.00127154258360094 0.089823697272252
23.8125 2.16869080625186E-09 -0.00123921530529419 0.088787554915053
23.875 2.0426437074327E-09 -0.00120769166986182 0.0877608189493427
23.9375 1.92390944369109E-09 -0.00117695227130027 0.0867434559760947
24 1.81206458125397E-09 -0.00114697815410337 0.0857354314526596
24.0625 1.70671015167258E-09 -0.0011177508033851 0.0847367097297338
24.125 1.60747024159529E-09 -0.00108925213519988 0.0837472540876677
24.1875 1.51399066361637E-09 -0.00106146448705716 0.0827670267721187
24.25 1.42593770355297E-09 -0.00103437060862681 0.0817959890290572
24.3125 1.34299693976837E-09 -0.00100795365263241 0.08083410113913
24.375 1.26487213040978E-09 -0.000982197165928891 0.0798813224513888
24.4375 1.19128416466513E-09 -0.000957085080761638 0.0789376114163906
24.5 1.12197007436632E-09 -0.000932601706203698 0.0780029256186765
24.5625 1.056682102476E-09 -0.000908731719768142 0.0770772218086334
24.625 9.95186825193442E-10 -0.000885460159192432 0.0761604559337504
24.6875 9.37264324601531E-10 -0.000862772414391782 0.0752525831692714
24.75 8.82707408953246E-10 -0.000840654219578512 0.0743535579482529
24.8125 8.31320877861939E-10 -0.000819091645544446 0.0734633339910349
24.875 7.82920829816429E-10 -0.000798071092103403 0.0725818643341305
24.9375 7.37334009589572E-10 -0.000777579280690915 0.0717091013585396
25 6.94397193248201E-10 -0.000757603247118316 0.0708449968174979
25.0625 6.53956608603669E-10 -0.00073813033447837 0.0699895018636637
25.125 6.15867389065999E-10 -0.000719148186199687 0.0691425670757509
25.1875 5.79993058981392E-10 -0.000700644739247158 0.068304142484617
25.25 5.46205048642927E-10 -0.000682608217465728 0.0674741775988101
25.3125 5.14382237268029E-10 -0.000665027125064825 0.0666526214295831
25.375 4.84410522334162E-10 -0.000647890240240824 0.0658394225153835
25.4375 4.56182413756452E-10 -0.000631186608934946 0.0650345289458223
25.5 4.29596651477901E-10 -0.000614905538724044 0.064237888385132
25.5625 4.04557845124904E-10 -0.000599036592841755 0.0634494480951196
25.625 3.8097613445805E-10 -0.000583569584327531 0.0626691549576208
25.6875 3.58766869421124E-10 -0.000568494570301113 0.0618969554964622
25.75 3.3785030865992E-10 -0.000553801846360033 0.0611327958989406
25.8125 3.18151335447273E-10 -0.000539481941097779 0.0603766220368231
25.875 2.99599190011811E-10 -0.000525525610740272 0.0596283794868756
25.9375 2.82127217325493E-10 -0.000511923833898384 0.0588880135509292
26 2.65672629459293E-10 -0.000498667806434201 0.058155469275487
26.0625 2.50176281667569E-10 -0.000485748936438827 0.0574306914708803
26.125 2.35582461409905E-10 -0.000473158839319524 0.0567136247299819
26.1875 2.21838689564671E-10 -0.000460889332994038 0.0560042134464801
26.25 2.08895533131455E-10 -0.000448932433189983 0.0553024018327222
26.3125 1.967064287599E-10 -0.000437280348847196 0.0546081339371342
26.375 1.85227516480611E-10 -0.000425925477621017 0.0539213536612216
26.4375 1.74417483049679E-10 -0.00041486040148446 0.0532420047761584
26.5 1.64237414352257E-10 -0.000404077882427306 0.0525700309389722
26.5625 1.54650656342496E-10 -0.000393570858250149 0.0519053757083292
26.625 1.45622684027267E-10 -0.000383332438451494 0.0512479825599273
26.6875 1.37120978029421E-10 -0.000373355900205999 0.050597794901503
26.75 1.29114908293077E-10 -0.000363634684432028 0.0499547560874583
26.8125 1.21575624518626E-10 -0.000354162391946676 0.049318809433113
26.875 1.14475952938873E-10 -0.00034493277970649 0.048689898228591
26.9375 1.07790299070121E-10 -0.000335939757132113 0.0480679657523432
27 1.0149455609311E-10 -0.000327177382515131 0.0474529552843156
27.0625 9.55660185385969E-11 -0.00031863985950543 0.0468448101187676
27.125 8.99833009710971E-11 -0.000310321533677382 0.0462434735767473
27.1875 8.47262613819963E-11 -0.000302216889173236 0.0456488890182268
27.25 7.9775929019862E-11 -0.000294320545422103 0.0450609998539082
27.3125 7.51144364014935E-11 -0.000286627253932947 0.0444797495567009
27.375 7.07249552620333E-11 -0.000279131895160051 0.0439050816728794
27.4375 6.65916362163999E-11 -0.000271829475439413 0.0433369398329261
27.5 6.26995519174395E-11 -0.000264715123994605 0.042775267762064
27.5625 5.90346435085758E-11 -0.000257784090010606 0.0422200092904856
27.625 5.55836701804033E-11 -0.000251031739774185 0.0416711083632838
27.6875 5.23341616516695E-11 -0.000244453553879414 0.0411285090500894
27.75 4.92743734054511E-11 -0.00023804512449694 0.0405921555544201
27.8125 4.63932445210996E-11 -0.000231802152705631 0.0400619922227483
27.875 4.3680357951734E-11 -0.000225720445885298 0.0395379635532905
27.9375 4.11259031057346E-11 -0.000219795915169152 0.0390200142045252
28 3.87206405988651E-11 -0.000214024572954737 0.0385080890034434
28.0625 3.64558690513545E-11 -0.000208402530472066 0.0380021329535374
28.125 3.43233938115299E-11 -0.00020292599540774 0.0375020912425321
28.1875 3.2315497494435E-11 -0.000197591269583825 0.0370079092498649
28.25 3.04249122303103E-11 -0.000192394746690313 0.0365195325539176
28.3125 2.86447935238948E-11 -0.000187332910069998 0.0360369069390059
28.375 2.69686956312263E-11 -0.000182402330554631 0.0355599784021323
28.4375 2.53905483660169E-11 -0.000177599664351227 0.035088693159504
28.5 2.39046352527634E-11 -0.000172921650977439 0.0346229976528242
28.5625 2.25055729485406E-11 -0.000168365111244922 0.0341628385553581
28.625 2.1188291859943E-11 -0.000163926945289628 0.0337081627777809
28.6875 1.99480178858911E-11 -0.000159604130648006 0.0332589174738089
28.75 1.87802552210278E-11 -0.0001553937203781 0.0328150500456223
28.8125 1.7680770158208E-11 -0.000151292841224544 0.0323765081490801
28.875 1.66455758321413E-11 -0.000147298691826489 0.0319432396987331
28.9375 1.5670917849603E-11 -0.000143408540967513 0.0315151928726402
29 1.47532607547862E-11 -0.000139619725866578 0.0310923161169898
29.0625 1.38892752813467E-11 -0.000135929650509125 0.0306745581505318
29.125 1.30758263454972E-11 -0.000132335784017409 0.0302618679688252
29.1875 1.2309961737148E-11 -0.0001288356590592 0.0298541948483022
29.25 1.15889014685865E-11 -0.000125426870293994 0.0294514883501562
29.3125 1.09100277425289E-11 -0.000122107072855893 0.0290536983240548
29.375 1.02708755035925E-11 -0.000118873980872326 0.0286607749116839
29.4375 9.66912353931762E-12 -0.000115725366017813 0.028272668550124
29.5 9.10258609883214E-12 -0.000112659056101982 0.0278893299750656
29.5625 8.56920499909893E-12 -0.00010967293369106 0.0275107102238637
29.625 8.0670421904312E-12 -0.000106764934762088 0.0271367606384386
29.6875 7.59427275459976E-12 -0.000103933047389119 0.0267674328680233
29.75 7.14917831040421E-12 -0.000101175310460669 0.0264026788717637
29.8125 6.73014080303611E-12 -9.84898124277232E-05 0.0260424509211725
29.875 6.3356366549355E-12 -9.58746900815811E-05 0.0256867016024426
29.9375 5.964231257135E-12 -9.33281273608883E-05 0.0253353838186209
